   1.7431837e+04   8.9264197e+01   9.3066577e-01
   1.7437360e+04   8.9559606e+01   9.3374570e-01
   1.7440115e+04   8.9837228e+01   9.3664018e-01
   1.7438978e+04   8.9867044e+01   9.3695104e-01
   1.7432343e+04   8.9694979e+01   9.3515709e-01
   1.7421109e+04   8.9548176e+01   9.3362653e-01
   1.7407307e+04   8.9629971e+01   9.3447932e-01
   1.7389248e+04   8.9892552e+01   9.3721699e-01
   1.7366712e+04   8.9969749e+01   9.3802184e-01
   1.7341298e+04   8.9707524e+01   9.3528790e-01
   1.7307777e+04   8.9222332e+01   9.3022929e-01
   1.7267908e+04   8.7803424e+01   9.1543580e-01
   1.7222107e+04   8.5043164e+01   8.8665741e-01
   1.7164002e+04   8.6251446e+01   8.9925493e-01
   1.7098537e+04   9.2566466e+01   9.6509513e-01
   1.7040965e+04   9.3588887e+01   9.7575486e-01
   1.6990161e+04   8.5163407e+01   8.8791107e-01
   1.6928608e+04   7.9906418e+01   8.3310186e-01
   1.6849552e+04   8.8239212e+01   9.1997931e-01
   1.6770041e+04   9.5914344e+01   1.0000000e+00
   1.6696264e+04   8.8309851e+01   9.2071579e-01
   1.6613518e+04   8.0411281e+01   8.3836555e-01
   1.6521453e+04   8.7874197e+01   9.1617368e-01
   1.6430614e+04   9.5363051e+01   9.9425225e-01
   1.6339421e+04   8.7594356e+01   9.1325606e-01
   1.6236434e+04   8.0670570e+01   8.4106888e-01
   1.6124593e+04   8.4607648e+01   8.8211674e-01
   1.6011819e+04   8.7366497e+01   9.1088042e-01
   1.5896617e+04   8.7765725e+01   9.1504275e-01
   1.5774143e+04   8.8127150e+01   9.1881096e-01
   1.5648501e+04   8.3584442e+01   8.7144882e-01
   1.5524726e+04   8.1499421e+01   8.4971046e-01
   1.5390858e+04   8.8153597e+01   9.1908670e-01
   1.5244891e+04   9.0821795e+01   9.4690525e-01
   1.5105791e+04   8.4096085e+01   8.7678320e-01
   1.4962533e+04   8.0787450e+01   8.4228748e-01
   1.4800364e+04   8.5241775e+01   8.8872813e-01
   1.4638949e+04   8.7826453e+01   9.1567590e-01
   1.4484565e+04   8.4468199e+01   8.8066285e-01
   1.4318725e+04   8.0897311e+01   8.4343288e-01
   1.4145289e+04   8.2049731e+01   8.5544798e-01
   1.3979445e+04   8.4341284e+01   8.7933964e-01
   1.3806601e+04   8.3596991e+01   8.7157966e-01
   1.3622917e+04   8.1259740e+01   8.4721155e-01
   1.3443898e+04   7.9644039e+01   8.3036630e-01
   1.3261727e+04   8.0348543e+01   8.3771144e-01
   1.3067651e+04   8.1665500e+01   8.5144200e-01
   1.2874320e+04   7.9813997e+01   8.3213828e-01
   1.2683439e+04   7.7863526e+01   8.1180273e-01
   1.2481719e+04   7.9195119e+01   8.2568588e-01
   1.2273024e+04   7.8873393e+01   8.2233157e-01
   1.2064696e+04   7.6710079e+01   7.9977693e-01
   1.1852371e+04   7.6765375e+01   8.0035344e-01
   1.1635570e+04   7.6323880e+01   7.9575043e-01
   1.1416895e+04   7.4867334e+01   7.8056453e-01
   1.1195347e+04   7.5654729e+01   7.8877388e-01
   1.0970951e+04   7.5270751e+01   7.8477054e-01
   1.0745741e+04   7.2484172e+01   7.5571775e-01
   1.0516799e+04   7.2404747e+01   7.5488966e-01
   1.0283908e+04   7.3338607e+01   7.6462606e-01
   1.0049898e+04   7.1413267e+01   7.4455253e-01
   9.8130969e+03   7.0005245e+01   7.2987254e-01
   9.5740791e+03   7.0461387e+01   7.3462826e-01
   9.3345304e+03   6.9560174e+01   7.2523224e-01
   9.0928820e+03   6.8193882e+01   7.1098732e-01
   8.8471829e+03   6.7842253e+01   7.0732125e-01
   8.6004874e+03   6.6944131e+01   6.9795746e-01
   8.3505261e+03   6.5917678e+01   6.8725569e-01
   8.0926454e+03   6.5533853e+01   6.8325393e-01
   7.8355070e+03   6.4438136e+01   6.7183003e-01
   7.5785838e+03   6.3014988e+01   6.5699233e-01
   7.3148569e+03   6.2584071e+01   6.5249961e-01
   7.0483050e+03   6.1982001e+01   6.4622244e-01
   6.7813237e+03   6.0742582e+01   6.3330030e-01
   6.5130000e+03   5.9945080e+01   6.2498556e-01
   6.2440261e+03   5.9017109e+01   6.1531057e-01
   5.9755384e+03   5.7695424e+01   6.0153072e-01
   5.7039101e+03   5.6966270e+01   5.9392859e-01
   5.4285411e+03   5.6190567e+01   5.8584112e-01
   5.1550869e+03   5.4689796e+01   5.7019413e-01
   4.8801805e+03   5.3740495e+01   5.6029675e-01
   4.6009816e+03   5.3236849e+01   5.5504575e-01
   4.3221108e+03   5.1818955e+01   5.4026284e-01
   4.0432967e+03   5.0420514e+01   5.2568273e-01
   3.7621412e+03   4.9720008e+01   5.1837927e-01
   3.4807051e+03   4.8493861e+01   5.0559550e-01
   3.2003459e+03   4.6961414e+01   4.8961826e-01
   2.9193127e+03   4.6159298e+01   4.8125543e-01
   2.6371608e+03   4.5274219e+01   4.7202762e-01
   2.3532969e+03   4.3753736e+01   4.5617511e-01
   2.0683353e+03   4.2591565e+01   4.4405835e-01
   1.7846591e+03   4.1564965e+01   4.3335505e-01
   1.5013232e+03   3.9918786e+01   4.1619203e-01
   1.2141784e+03   3.8473703e+01   4.0112565e-01
   9.2420852e+02   3.7513187e+01   3.9111133e-01
   6.3662191e+02   3.6215079e+01   3.7757731e-01
   3.5031506e+02   3.4735571e+01   3.6215199e-01
   6.2645027e+01   3.3322751e+01   3.4742198e-01
  -2.2290438e+02   3.1646804e+01   3.2994861e-01
  -5.0591225e+02   3.0130805e+01   3.1414285e-01
  -7.9122276e+02   2.8993219e+01   3.0228241e-01
  -1.0779742e+03   2.7497339e+01   2.8668641e-01
  -1.3626316e+03   2.5698172e+01   2.6792835e-01
  -1.6468803e+03   2.4155415e+01   2.5184362e-01
  -1.9298019e+03   2.2502050e+01   2.3460568e-01
  -2.2109963e+03   2.0621459e+01   2.1499870e-01
  -2.4931482e+03   1.9018594e+01   1.9828728e-01
  -2.7758906e+03   1.7421384e+01   1.8163482e-01
  -3.0584273e+03   1.5519834e+01   1.6180931e-01
  -3.3398246e+03   1.3859949e+01   1.4450340e-01
  -3.6209384e+03   1.2268302e+01   1.2790894e-01
  -3.9023148e+03   1.0155965e+01   1.0588577e-01
  -4.1836912e+03   8.0047086e+00   8.3456846e-02
  -4.4636238e+03   6.1871036e+00   6.4506552e-02
  -4.7422501e+03   4.2927537e+00   4.4756119e-02
  -5.0194895e+03   2.3745098e+00   2.4756566e-02
  -5.2939816e+03   4.9942358e-01   5.2069749e-03
  -5.5657654e+03  -1.6898441e+00  -1.7618263e-02
  -5.8360846e+03  -3.8879198e+00  -4.0535332e-02
  -6.1058937e+03  -5.7726153e+00  -6.0185110e-02
  -6.3741339e+03  -7.6940159e+00  -8.0217574e-02
  -6.6413361e+03  -9.7339443e+00  -1.0148580e-01
  -6.9080700e+03  -1.1701869e+01  -1.2200333e-01
  -7.1728473e+03  -1.3743655e+01  -1.4329092e-01
  -7.4359570e+03  -1.5839347e+01  -1.6514055e-01
  -7.6987833e+03  -1.7680752e+01  -1.8433898e-01
  -7.9592207e+03  -1.9463782e+01  -2.0292879e-01
  -8.2153600e+03  -2.1528188e+01  -2.2445223e-01
  -8.4676542e+03  -2.3612246e+01  -2.4618055e-01
  -8.7166884e+03  -2.5454777e+01  -2.6539073e-01
  -8.9617912e+03  -2.7217363e+01  -2.8376739e-01
  -9.2037203e+03  -2.9016592e+01  -3.0252610e-01
  -9.4438567e+03  -3.0906393e+01  -3.2222910e-01
  -9.6829550e+03  -3.2941311e+01  -3.4344510e-01
  -9.9214419e+03  -3.4854104e+01  -3.6338782e-01
  -1.0157483e+04  -3.6448089e+01  -3.8000666e-01
  -1.0390449e+04  -3.8079747e+01  -3.9701828e-01
  -1.0619099e+04  -3.9920348e+01  -4.1620832e-01
  -1.0844590e+04  -4.1716920e+01  -4.3493933e-01
  -1.1068720e+04  -4.3353190e+01  -4.5199903e-01
  -1.1291038e+04  -4.4801349e+01  -4.6709749e-01
  -1.1510948e+04  -4.6143697e+01  -4.8109277e-01
  -1.1727789e+04  -4.7699510e+01  -4.9731363e-01
  -1.1942488e+04  -4.9513444e+01  -5.1622565e-01
  -1.2154640e+04  -5.1097864e+01  -5.3274476e-01
  -1.2365288e+04  -5.2367375e+01  -5.4598064e-01
  -1.2573572e+04  -5.3598031e+01  -5.5881143e-01
  -1.2777169e+04  -5.4851046e+01  -5.7187532e-01
  -1.2974392e+04  -5.6214486e+01  -5.8609050e-01
  -1.3165077e+04  -5.7683396e+01  -6.0140531e-01
  -1.3351019e+04  -5.9018280e+01  -6.1532277e-01
  -1.3534235e+04  -6.0140336e+01  -6.2702129e-01
  -1.3716127e+04  -6.1279621e+01  -6.3889945e-01
  -1.3895531e+04  -6.2460225e+01  -6.5120839e-01
  -1.4070273e+04  -6.3512111e+01  -6.6217532e-01
  -1.4240943e+04  -6.4511524e+01  -6.7259517e-01
  -1.4408455e+04  -6.5604728e+01  -6.8399288e-01
  -1.4572402e+04  -6.6681229e+01  -6.9521645e-01
  -1.4732603e+04  -6.7734248e+01  -7.0619519e-01
  -1.4888609e+04  -6.8731936e+01  -7.1659705e-01
  -1.5042663e+04  -6.9513997e+01  -7.2475080e-01
  -1.5194941e+04  -7.0306058e+01  -7.3300880e-01
  -1.5342755e+04  -7.1284809e+01  -7.4321323e-01
  -1.5481587e+04  -7.2184540e+01  -7.5259380e-01
  -1.5611301e+04  -7.2913005e+01  -7.6018875e-01
  -1.5737617e+04  -7.3644212e+01  -7.6781230e-01
  -1.5862791e+04  -7.4409768e+01  -7.7579396e-01
  -1.5985050e+04  -7.5218981e+01  -7.8423079e-01
  -1.6101383e+04  -7.5989439e+01  -7.9226355e-01
  -1.6213442e+04  -7.6548015e+01  -7.9808726e-01
  -1.6322360e+04  -7.7051006e+01  -8.0333142e-01
  -1.6424414e+04  -7.7808533e+01  -8.1122938e-01
  -1.6518773e+04  -7.8673164e+01  -8.2024399e-01
  -1.6607918e+04  -7.9276639e+01  -8.2653580e-01
  -1.6692788e+04  -7.9650188e+01  -8.3043041e-01
  -1.6774503e+04  -8.0029856e+01  -8.3438882e-01
  -1.6853670e+04  -8.0534638e+01  -8.3965166e-01
  -1.6927338e+04  -8.1196344e+01  -8.4655059e-01
  -1.6996793e+04  -8.1854515e+01  -8.5341266e-01
  -1.7063782e+04  -8.2240884e+01  -8.5744093e-01
  -1.7126329e+04  -8.2438350e+01  -8.5949970e-01
  -1.7183114e+04  -8.2757745e+01  -8.6282971e-01
  -1.7235174e+04  -8.3175175e+01  -8.6718182e-01
  -1.7282959e+04  -8.3445048e+01  -8.6999551e-01
  -1.7325674e+04  -8.3640164e+01  -8.7202978e-01
  -1.7365209e+04  -8.3958257e+01  -8.7534621e-01
  -1.7401242e+04  -8.4283343e+01  -8.7873554e-01
  -1.7433553e+04  -8.4475270e+01  -8.8073657e-01
  -1.7460724e+04  -8.4548017e+01  -8.8149503e-01
  -1.7479076e+04  -8.4595398e+01  -8.8198902e-01
  -1.7491772e+04  -8.4805939e+01  -8.8418412e-01
  -1.7502228e+04  -8.5177058e+01  -8.8805340e-01
  -1.7509811e+04  -8.5402865e+01  -8.9040765e-01
  -1.7513219e+04  -8.5394003e+01  -8.9031525e-01
  -1.7511028e+04  -8.5409049e+01  -8.9047212e-01
  -1.7505171e+04  -8.5526672e+01  -8.9169845e-01
  -1.7495075e+04  -8.5731042e+01  -8.9382921e-01
  -1.7479056e+04  -8.6018631e+01  -8.9682761e-01
  -1.7461044e+04  -8.6113916e+01  -8.9782105e-01
  -1.7442093e+04  -8.5915319e+01  -8.9575048e-01
  -1.7419249e+04  -8.5828778e+01  -8.9484821e-01
  -1.7388175e+04  -8.6061284e+01  -8.9727230e-01
  -1.7347405e+04  -8.7317953e+01  -9.1037429e-01
  -1.7296780e+04  -9.0703689e+01  -9.4567387e-01
  -1.7241074e+04  -9.0515147e+01  -9.4370814e-01
  -1.7191095e+04  -8.3923977e+01  -8.7498880e-01
  -1.7143566e+04  -8.1927089e+01  -8.5416931e-01
  -1.7081261e+04  -9.0273958e+01  -9.4119351e-01
  -1.7004151e+04  -9.5914344e+01  -1.0000000e+00
  -1.6938828e+04  -8.7720259e+01  -9.1456873e-01
  -1.6880170e+04  -8.0237782e+01  -8.3655665e-01
  -1.6794399e+04  -8.7921940e+01  -9.1667145e-01
  -1.6697752e+04  -9.4983559e+01  -9.9029567e-01
  -1.6620179e+04  -8.6545764e+01  -9.0232348e-01
  -1.6536058e+04  -8.0223150e+01  -8.3640410e-01
  -1.6428088e+04  -8.8276644e+01  -9.2036958e-01
  -1.6330100e+04  -9.0997133e+01  -9.4873331e-01
  -1.6242548e+04  -8.3786016e+01  -8.7355043e-01
  -1.6129059e+04  -8.6589446e+01  -9.0277891e-01
  -1.6004999e+04  -9.1599937e+01  -9.5501813e-01
  -1.5899689e+04  -8.5458667e+01  -8.9098944e-01
  -1.5784139e+04  -8.4819181e+01  -8.8432218e-01
  -1.5643874e+04  -8.8762650e+01  -9.2543666e-01
  -1.5516011e+04  -8.3138028e+01  -8.6679453e-01
  -1.5393931e+04  -8.0472858e+01  -8.3900755e-01
  -1.5243123e+04  -8.5513664e+01  -8.9156283e-01
  -1.5092492e+04  -8.4714035e+01  -8.8322593e-01
  -1.4959145e+04  -8.1758367e+01  -8.5241022e-01
  -1.4804886e+04  -8.1777506e+01  -8.5260976e-01
  -1.4636303e+04  -8.0544726e+01  -8.3975684e-01
  -1.4485091e+04  -8.1940095e+01  -8.5430491e-01
  -1.4329105e+04  -8.3270951e+01  -8.6818038e-01
  -1.4152096e+04  -7.8642514e+01  -8.1992443e-01
  -1.3980885e+04  -7.7304444e+01  -8.0597376e-01
  -1.3810671e+04  -8.1056654e+01  -8.4509419e-01
  -1.3622888e+04  -7.9816521e+01  -8.3216460e-01
  -1.3436891e+04  -7.6658321e+01  -7.9923730e-01
  -1.3254316e+04  -7.8107018e+01  -8.1434137e-01
  -1.3055106e+04  -7.8988315e+01  -8.2352975e-01
  -1.2855874e+04  -7.5928839e+01  -7.9163174e-01
  -1.2664181e+04  -7.4386591e+01  -7.7555232e-01
  -1.2458797e+04  -7.6413339e+01  -7.9668313e-01
  -1.2249259e+04  -7.5911178e+01  -7.9144761e-01
  -1.2047427e+04  -7.3435309e+01  -7.6563428e-01
  -1.1834506e+04  -7.4474223e+01  -7.7646596e-01
  -1.1613252e+04  -7.3986481e+01  -7.7138078e-01
  -1.1398022e+04  -7.0532851e+01  -7.3537334e-01
  -1.1175349e+04  -7.1480838e+01  -7.4525702e-01
  -1.0945848e+04  -7.3057027e+01  -7.6169032e-01
  -1.0723086e+04  -7.0350295e+01  -7.3347001e-01
  -1.0494466e+04  -6.9201760e+01  -7.2149543e-01
  -1.0255695e+04  -6.9516317e+01  -7.2477499e-01
  -1.0022650e+04  -6.7824303e+01  -7.0713410e-01
  -9.7885954e+03  -6.7074573e+01  -6.9931744e-01
  -9.5442795e+03  -6.7017905e+01  -6.9872662e-01
  -9.3012577e+03  -6.5432493e+01  -6.8219716e-01
  -9.0593014e+03  -6.4735492e+01  -6.7493025e-01
  -8.8071051e+03  -6.4860829e+01  -6.7623701e-01
  -8.5558595e+03  -6.3444445e+01  -6.6146984e-01
  -8.3089548e+03  -6.2403720e+01  -6.5061927e-01
  -8.0492181e+03  -6.2511929e+01  -6.5174745e-01
  -7.7868916e+03  -6.1173898e+01  -6.3779719e-01
  -7.5324997e+03  -5.9732182e+01  -6.2276589e-01
  -7.2706245e+03  -5.9812380e+01  -6.2360204e-01
  -7.0006743e+03  -5.8402301e+01  -6.0890060e-01
  -6.7356755e+03  -5.6312322e+01  -5.8711054e-01
  -6.4702832e+03  -5.6456300e+01  -5.8861165e-01
  -6.1989044e+03  -5.5980071e+01  -5.8364650e-01
  -5.9278357e+03  -5.3990516e+01  -5.6290346e-01
  -5.6569461e+03  -5.3524626e+01  -5.5804610e-01
  -5.3820655e+03  -5.3186096e+01  -5.5451661e-01
  -5.1072711e+03  -5.1114242e+01  -5.3291551e-01
  -4.8342012e+03  -4.9921200e+01  -5.2047690e-01
  -4.5557561e+03  -4.9813283e+01  -5.1935176e-01
  -4.2777045e+03  -4.8236533e+01  -5.0291261e-01
  -4.0029254e+03  -4.6618675e+01  -4.8604488e-01
  -3.7222583e+03  -4.6357274e+01  -4.8331951e-01
  -3.4390734e+03  -4.5169725e+01  -4.7093817e-01
  -3.1595903e+03  -4.3275086e+01  -4.5118472e-01
  -2.8753977e+03  -4.2496209e+01  -4.4306417e-01
  -2.5865097e+03  -4.1493598e+01  -4.3261098e-01
  -2.3027968e+03  -3.9793132e+01  -4.1488198e-01
  -2.0200954e+03  -3.8790498e+01  -4.0442854e-01
  -1.7348315e+03  -3.7759821e+01  -3.9368273e-01
  -1.4514618e+03  -3.6015451e+01  -3.7549599e-01
  -1.1665174e+03  -3.4662130e+01  -3.6138630e-01
  -8.7776973e+02  -3.3502425e+01  -3.4929526e-01
  -5.9032838e+02  -3.1829635e+01  -3.3185479e-01
  -3.0420852e+02  -3.0572171e+01  -3.1874451e-01
  -1.5988878e+01  -2.9659910e+01  -3.0923331e-01
   2.7188190e+02  -2.8060318e+01  -2.9255601e-01
   5.5688030e+02  -2.6470003e+01  -2.7597544e-01
   8.4285987e+02  -2.5208956e+01  -2.6282781e-01
   1.1294689e+03  -2.3288091e+01  -2.4280093e-01
   1.4148133e+03  -2.1350120e+01  -2.2259569e-01
   1.6996505e+03  -2.0227248e+01  -2.1088867e-01
   1.9844878e+03  -1.8798247e+01  -1.9598994e-01
   2.2693459e+03  -1.6857066e+01  -1.7575125e-01
   2.5541206e+03  -1.5234910e+01  -1.5883871e-01
   2.8378155e+03  -1.3440484e+01  -1.4013007e-01
   3.1192523e+03  -1.1261637e+01  -1.1741348e-01
   3.4000152e+03  -9.6245993e+00  -1.0034578e-01
   3.6808377e+03  -8.1151625e+00  -8.4608435e-02
   3.9591367e+03  -5.9037678e+00  -6.1552502e-02
   4.2364214e+03  -3.8082709e+00  -3.9704916e-02
   4.5167994e+03  -2.1107604e+00  -2.2006723e-02
   4.7946064e+03  -1.0166689e-01  -1.0599759e-03
   5.0680972e+03   1.8968507e+00   1.9776507e-02
   5.3410809e+03   3.6445936e+00   3.7998421e-02
   5.6128834e+03   5.8593355e+00   6.1089252e-02
   5.8835465e+03   8.2694856e+00   8.6217403e-02
   6.1542304e+03   1.0113240e+01   1.0544033e-01
   6.4253200e+03   1.1875272e+01   1.2381122e-01
   6.6944530e+03   1.3940332e+01   1.4534148e-01
   6.9617934e+03   1.5908488e+01   1.6586141e-01
   7.2269979e+03   1.7868270e+01   1.8629403e-01
   7.4876001e+03   1.9997961e+01   2.0849813e-01
   7.7460607e+03   2.2001531e+01   2.2938729e-01
   8.0025647e+03   2.3906966e+01   2.4925329e-01
   8.2533268e+03   2.5899406e+01   2.7002641e-01
   8.5001396e+03   2.7768769e+01   2.8951634e-01
   8.7457920e+03   2.9560512e+01   3.0819700e-01
   8.9896338e+03   3.1563192e+01   3.2907687e-01
   9.2325391e+03   3.3537235e+01   3.4965818e-01
   9.4744243e+03   3.5268983e+01   3.6771334e-01
   9.7146183e+03   3.7001637e+01   3.8577793e-01
   9.9511255e+03   3.8801929e+01   4.0454772e-01
   1.0183478e+04   4.0610494e+01   4.2340376e-01
   1.0413530e+04   4.2470501e+01   4.4279614e-01
   1.0641158e+04   4.4156023e+01   4.6036934e-01
   1.0865630e+04   4.5538568e+01   4.7478371e-01
   1.1087497e+04   4.7114246e+01   4.9121168e-01
   1.1307164e+04   4.9089013e+01   5.1180054e-01
   1.1524244e+04   5.0928718e+01   5.3098125e-01
   1.1739430e+04   5.2356181e+01   5.4586394e-01
   1.1951989e+04   5.3600166e+01   5.5883369e-01
   1.2161818e+04   5.4770197e+01   5.7103239e-01
   1.2368569e+04   5.6141308e+01   5.8532755e-01
   1.2569984e+04   5.7996422e+01   6.0466891e-01
   1.2764273e+04   5.9720548e+01   6.2264460e-01
   1.2953861e+04   6.0852583e+01   6.3444716e-01
   1.3141677e+04   6.1889894e+01   6.4526213e-01
   1.3327924e+04   6.3082553e+01   6.5769677e-01
   1.3512543e+04   6.4288035e+01   6.7026508e-01
   1.3693064e+04   6.5605162e+01   6.8399740e-01
   1.3868310e+04   6.6964668e+01   6.9817157e-01
   1.4040586e+04   6.8112038e+01   7.1013402e-01
   1.4210542e+04   6.9087869e+01   7.2030800e-01
   1.4376339e+04   7.0032403e+01   7.3015569e-01
   1.4537251e+04   7.0977490e+01   7.4000914e-01
   1.4695415e+04   7.2074042e+01   7.5144175e-01
   1.4850194e+04   7.3256653e+01   7.6377162e-01
   1.4999067e+04   7.4194573e+01   7.7355034e-01
   1.5141831e+04   7.4906991e+01   7.8097799e-01
   1.5277610e+04   7.5641155e+01   7.8863236e-01
   1.5407748e+04   7.6496144e+01   7.9754645e-01
   1.5535324e+04   7.7436115e+01   8.0734655e-01
   1.5660964e+04   7.8235550e+01   8.1568144e-01
   1.5782691e+04   7.8729424e+01   8.2083055e-01
   1.5899186e+04   7.9334114e+01   8.2713503e-01
   1.6012238e+04   8.0311822e+01   8.3732859e-01
   1.6120546e+04   8.1164797e+01   8.4622168e-01
   1.6224191e+04   8.1534377e+01   8.5007491e-01
   1.6325655e+04   8.1771947e+01   8.5255181e-01
   1.6423863e+04   8.2263712e+01   8.5767893e-01
   1.6518628e+04   8.3079310e+01   8.6618234e-01
   1.6609280e+04   8.3990910e+01   8.7568665e-01
   1.6694103e+04   8.4491882e+01   8.8090977e-01
   1.6771554e+04   8.4527282e+01   8.8127885e-01
   1.6843611e+04   8.4684677e+01   8.8291984e-01
   1.6912432e+04   8.5360605e+01   8.8996704e-01
   1.6977241e+04   8.6174505e+01   8.9845274e-01
   1.7038892e+04   8.6569401e+01   9.0256992e-01
   1.7096670e+04   8.6672842e+01   9.0364839e-01
   1.7147607e+04   8.6957353e+01   9.0661470e-01
   1.7194107e+04   8.7446183e+01   9.1171122e-01
   1.7238267e+04   8.7753421e+01   9.1491447e-01
   1.7279553e+04   8.7774869e+01   9.1513808e-01
   1.7318639e+04   8.7912723e+01   9.1657535e-01
   1.7352042e+04   8.8423117e+01   9.2189670e-01
   1.7377195e+04   8.8968974e+01   9.2758779e-01
   1.7395792e+04   8.9171040e+01   9.2969452e-01
   1.7411379e+04   8.9104921e+01   9.2900517e-01
   1.7423584e+04   8.9097209e+01   9.2892477e-01
