Tiempo_(s)	Campo_(A/m)	Magnetizacion_(A/m)
0.0000000000	-51805.210434	-50.773332
0.0000000100	-51786.226795	-50.716939
0.0000000200	-51753.778447	-50.649186
0.0000000300	-51708.931553	-50.591106
0.0000000400	-51653.218169	-50.560010
0.0000000500	-51585.934529	-50.561689
0.0000000600	-51504.844808	-50.585493
0.0000000700	-51408.826170	-50.604365
0.0000000800	-51297.829658	-50.580352
0.0000000900	-51164.249531	-50.474254
0.0000001000	-51011.258989	-50.256568
0.0000001100	-50849.667846	-49.916261
0.0000001200	-50681.367099	-49.464474
0.0000001300	-50503.490592	-48.931798
0.0000001400	-50309.385398	-48.359881
0.0000001500	-50096.519011	-47.789976
0.0000001600	-49876.933171	-47.252082
0.0000001700	-49650.477553	-46.758121
0.0000001800	-49405.119462	-46.301225
0.0000001900	-49145.111563	-45.861113
0.0000002000	-48869.971203	-45.413507
0.0000002100	-48578.697936	-44.940166
0.0000002200	-48281.597897	-44.436054
0.0000002300	-47973.914744	-43.911206
0.0000002400	-47647.234658	-43.386827
0.0000002500	-47306.416162	-42.887207
0.0000002600	-46951.710432	-42.430516
0.0000002700	-46579.572023	-42.021847
0.0000002800	-46200.159395	-41.651034
0.0000002900	-45813.259962	-41.295962
0.0000003000	-45408.597652	-40.930110
0.0000003100	-44996.842319	-40.531533
0.0000003200	-44571.277452	-40.090033
0.0000003300	-44126.626781	-39.609968
0.0000003400	-43676.877584	-39.107795
0.0000003500	-43215.335696	-38.605353
0.0000003600	-42743.200842	-38.121421
0.0000003700	-42259.378927	-37.664660
0.0000003800	-41758.335596	-37.230473
0.0000003900	-41245.876596	-36.802823
0.0000004000	-40724.943649	-36.360218
0.0000004100	-40196.004783	-35.883574
0.0000004200	-39655.122093	-35.363019
0.0000004300	-39106.114546	-34.801183
0.0000004400	-38543.582161	-34.211842
0.0000004500	-37967.247150	-33.614541
0.0000004600	-37383.696727	-33.027263
0.0000004700	-36788.732766	-32.459901
0.0000004800	-36184.964661	-31.910886
0.0000004900	-35570.094325	-31.368135
0.0000005000	-34941.883804	-30.813845
0.0000005100	-34304.787985	-30.231243
0.0000005200	-33660.701320	-29.610746
0.0000005300	-33008.652105	-28.953275
0.0000005400	-32348.515818	-28.269555
0.0000005500	-31678.765988	-27.575808
0.0000005600	-30998.704434	-26.887513
0.0000005700	-30311.284052	-26.213648
0.0000005800	-29616.169058	-25.553539
0.0000005900	-28913.240515	-24.897458
0.0000006000	-28203.670217	-24.230675
0.0000006100	-27486.337457	-23.539381
0.0000006200	-26760.143879	-22.816249
0.0000006300	-26027.887789	-22.063551
0.0000006400	-25287.701345	-21.292706
0.0000006500	-24538.903128	-20.520432
0.0000006600	-23785.176409	-19.762941
0.0000006700	-23025.338224	-19.030286
0.0000006800	-22261.180845	-18.322878
0.0000006900	-21493.329021	-17.631377
0.0000007000	-20714.712884	-16.939946
0.0000007100	-19925.379259	-16.231659
0.0000007200	-19131.913225	-15.494153
0.0000007300	-18333.694302	-14.723588
0.0000007400	-17530.920446	-13.925632
0.0000007500	-16725.884156	-13.113266
0.0000007600	-15914.687442	-12.302278
0.0000007700	-15094.786628	-11.506057
0.0000007800	-14268.230753	-10.731419
0.0000007900	-13437.574667	-9.976757
0.0000008000	-12604.942976	-9.232937
0.0000008100	-11772.928313	-8.486459
0.0000008200	-10937.381509	-7.723698
0.0000008300	-10095.255212	-6.934839
0.0000008400	-9250.885372	-6.116354
0.0000008500	-8404.783386	-5.271466
0.0000008600	-7557.341713	-4.408739
0.0000008700	-6708.828292	-3.539459
0.0000008800	-5859.386537	-2.674720
0.0000008900	-5009.552322	-1.823052
0.0000009000	-4160.153936	-0.989069
0.0000009100	-3311.023488	-0.173245
0.0000009200	-2460.896857	0.627423
0.0000009300	-1608.402161	1.418235
0.0000009400	-754.218689	2.205472
0.0000009500	99.060927	2.995178
0.0000009600	952.048128	3.792152
0.0000009700	1804.025841	4.599212
0.0000009800	2654.826174	5.416751
0.0000009900	3505.003893	6.242708
0.0000010000	4354.258865	7.073027
0.0000010100	5203.513836	7.902638
0.0000010200	6051.504687	8.726803
0.0000010300	6898.367115	9.542524
0.0000010400	7744.774822	10.349538
0.0000010500	8589.388121	11.150522
0.0000010600	9432.618364	11.950289
0.0000010700	10273.058017	12.754138
0.0000010800	11108.550278	13.565839
0.0000010900	11940.242461	14.385952
0.0000011000	12770.581654	15.211140
0.0000011100	13599.126438	16.034827
0.0000011200	14423.808884	16.849093
0.0000011300	15245.213823	17.647211
0.0000011400	16062.675269	18.425942
0.0000011500	16874.198727	19.186746
0.0000011600	17680.008764	19.935376
0.0000011700	18480.703515	20.679935
0.0000011800	19276.220720	21.428028
0.0000011900	20068.192480	22.184003
0.0000012000	20855.043368	22.947295
0.0000012100	21630.456241	23.712509
0.0000012200	22396.104438	24.471244
0.0000012300	23157.988209	25.215027
0.0000012400	23915.966272	25.938287
0.0000012500	24668.517742	26.640293
0.0000012600	25415.025593	27.325323
0.0000012700	26154.355813	28.001010
0.0000012800	26886.714080	28.675491
0.0000012900	27609.041865	29.354400
0.0000013000	28320.895621	30.038855
0.0000013100	29026.711344	30.725157
0.0000013200	29725.324959	31.406277
0.0000013300	30416.785422	32.074553
0.0000013400	31102.096634	32.724512
0.0000013500	31779.383035	33.354743
0.0000013600	32448.463427	33.968112
0.0000013700	33108.111474	34.570267
0.0000013800	33757.883627	35.167070
0.0000013900	34399.200725	35.762012
0.0000014000	35032.262859	36.354657
0.0000014100	35655.568034	36.940786
0.0000014200	36267.035016	37.514178
0.0000014300	36866.209083	38.069336
0.0000014400	37456.478961	38.604065
0.0000014500	38039.508947	39.120801
0.0000014600	38612.259406	39.626115
0.0000014700	39175.320756	40.128474
0.0000014800	39728.376103	40.635049
0.0000014900	40269.014012	41.148764
0.0000015000	40799.383568	41.666714
0.0000015100	41317.579144	42.180590
0.0000015200	41824.272312	42.679046
0.0000015300	42322.859516	43.151181
0.0000015400	42808.425559	43.589951
0.0000015500	43281.449642	43.994317
0.0000015600	43743.358190	44.369424
0.0000015700	44194.922817	44.724789
0.0000015800	44637.036208	45.071204
0.0000015900	45065.960545	45.417438
0.0000016000	45480.635255	45.767856
0.0000016100	45884.362321	46.121647
0.0000016200	46276.700329	46.473763
0.0000016300	46655.386844	46.817031
0.0000016400	47022.216273	47.144593
0.0000016500	47377.532121	47.451783
0.0000016600	47720.205964	47.736930
0.0000016700	48048.001977	48.001030
0.0000016800	48359.548279	48.246689
0.0000016900	48657.299673	48.476955
0.0000017000	48942.969415	48.694549
0.0000017100	49217.585883	48.901696
0.0000017200	49479.979416	49.100391
0.0000017300	49729.674268	49.292668
0.0000017400	49966.995053	49.480463
0.0000017500	50191.300263	49.664930
0.0000017600	50400.603122	49.845421
0.0000017700	50594.105404	50.018694
0.0000017800	50774.895700	50.178950
0.0000017900	50944.296938	50.319037
0.0000018000	51098.858129	50.432681
0.0000018100	51236.409167	50.517040
0.0000018200	51361.199264	50.574554
0.0000018300	51474.456887	50.613172
0.0000018400	51574.449890	50.644494
0.0000018500	51658.972516	50.680212
0.0000018600	51729.164359	50.727961
0.0000018700	51788.053884	50.788127
0.0000018800	51833.616527	50.853011
0.0000018900	51863.129548	50.908999
0.0000019000	51879.158969	50.941290
0.0000019100	51884.801100	50.939676
0.0000019200	51878.861801	50.903249
0.0000019300	51857.054078	50.842054
0.0000019400	51819.207904	50.774650
0.0000019500	51769.223404	50.721922
0.0000019600	51709.132855	50.698969
0.0000019700	51639.442069	50.707764
0.0000019800	51558.243287	50.733332
0.0000019900	51464.383609	50.745177
0.0000020000	51358.106493	50.704023
0.0000020100	51234.896921	50.572093
0.0000020200	51083.127963	50.323836
0.0000020300	50907.044566	49.953659
0.0000020400	50721.719062	49.478072
0.0000020500	50529.115885	48.931393
0.0000020600	50334.997410	48.356287
0.0000020700	50135.984762	47.792106
0.0000020800	49913.684733	47.264751
0.0000020900	49677.604424	46.781258
0.0000021000	49430.710846	46.330695
0.0000021100	49162.016441	45.890812
0.0000021200	48889.193083	45.437955
0.0000021300	48605.458543	44.956691
0.0000021400	48304.089103	44.445812
0.0000021500	47992.296722	43.918714
0.0000021600	47660.299964	43.398236
0.0000021700	47316.798666	42.907968
0.0000021800	46964.276374	42.463308
0.0000021900	46602.768739	42.065521
0.0000022000	46226.715606	41.700940
0.0000022100	45833.912538	41.345533
0.0000022200	45432.984614	40.973095
0.0000022300	45012.233600	40.564084
0.0000022400	44582.300609	40.111880
0.0000022500	44143.411018	39.624297
0.0000022600	43687.013182	39.119886
0.0000022700	43223.822457	38.620509
0.0000022800	42744.914440	38.142960
0.0000022900	42254.907648	37.692691
0.0000023000	41754.372283	37.261882
0.0000023100	41241.043781	36.832452
0.0000023200	40721.130197	36.382764
0.0000023300	40188.563435	35.895502
0.0000023400	39645.939582	35.363787
0.0000023500	39089.715325	34.793343
0.0000023600	38522.798057	34.200012
0.0000023700	37945.514522	33.603653
0.0000023800	37355.868093	33.020750
0.0000023900	36759.847845	32.458484
0.0000024000	36152.165015	31.912397
0.0000024100	35535.128861	31.368412
0.0000024200	34906.530168	30.808326
0.0000024300	34266.453545	30.216667
0.0000024400	33620.918134	29.586315
0.0000024500	32964.973086	28.920866
0.0000024600	32297.357737	28.232937
0.0000024700	31622.719346	27.539172
0.0000024800	30941.907225	26.853894
0.0000024900	30252.883509	26.183826
0.0000025000	29555.927308	25.525823
0.0000025100	28852.684029	24.868419
0.0000025200	28143.080236	24.196533
0.0000025300	27424.723386	23.497520
0.0000025400	26697.754763	22.766291
0.0000025500	25965.427395	22.007592
0.0000025600	25225.313088	21.234637
0.0000025700	24475.615304	20.464594
0.0000025800	23720.583253	19.712611
0.0000025900	22960.468113	18.986538
0.0000026000	22194.247093	18.284215
0.0000026100	21419.403125	17.594262
0.0000026200	20634.951201	16.900016
0.0000026300	19844.978227	16.185199
0.0000026400	19052.320294	15.439309
0.0000026500	18253.805525	14.660920
0.0000026600	17449.620705	13.857847
0.0000026700	16643.790479	13.044253
0.0000026800	15834.509266	12.235803
0.0000026900	15020.193920	11.444558
0.0000027000	14202.400978	10.675296
0.0000027100	13381.841923	9.924339
0.0000027200	12557.052548	9.181102
0.0000027300	11727.323499	8.431642
0.0000027400	10891.680940	7.662960
0.0000027500	10051.819233	6.866654
0.0000027600	9209.085783	6.040921
0.0000027700	8363.510655	5.190515
0.0000027800	7517.193977	4.324953
0.0000027900	6670.547100	3.455734
0.0000028000	5823.551133	2.593503
0.0000028100	4975.826921	1.745891
0.0000028200	4126.251627	0.916457
0.0000028300	3276.021522	0.104717
0.0000028400	2425.368892	-0.693029
0.0000028500	1574.372758	-1.482447
0.0000028600	724.223806	-2.269867
0.0000028700	-125.806210	-3.061106
0.0000028800	-975.319243	-3.860526
0.0000028900	-1825.181366	-4.670367
0.0000029000	-2675.373688	-5.490392
0.0000029100	-3526.705607	-6.317979
0.0000029200	-4377.826263	-7.148708
0.0000029300	-5225.744978	-7.977455
0.0000029400	-6071.788132	-8.799795
0.0000029500	-6916.329295	-9.613343
0.0000029600	-7760.583628	-10.418593
0.0000029700	-8606.364432	-11.218868
0.0000029800	-9449.809367	-12.019283
0.0000029900	-10290.531560	-12.824943
0.0000030000	-11128.257488	-13.638944
0.0000030100	-11958.202063	-14.460886
0.0000030200	-12782.089714	-15.286507
0.0000030300	-13602.226244	-16.108679
0.0000030400	-14420.343798	-16.919535
0.0000030500	-15236.934883	-17.713034
0.0000030600	-16050.429657	-18.487058
0.0000030700	-16859.301651	-19.244243
0.0000030800	-17663.513080	-19.991162
0.0000030900	-18462.939424	-20.736076
0.0000031000	-19258.222186	-21.486007
0.0000031100	-20050.514269	-22.244167
0.0000031200	-20837.853373	-23.008705
0.0000031300	-21618.152675	-23.773243
0.0000031400	-22389.623354	-24.529067
0.0000031500	-23153.118178	-25.268173
0.0000031600	-23910.152444	-25.986079
0.0000031700	-24660.114711	-26.683367
0.0000031800	-25402.837087	-27.365371
0.0000031900	-26138.362942	-28.040143
0.0000032000	-26869.769694	-28.715455
0.0000032100	-27596.629231	-29.395943
0.0000032200	-28313.052523	-30.081474
0.0000032300	-29020.298101	-30.767313
0.0000032400	-29720.671770	-31.445999
0.0000032500	-30413.605458	-32.110170
0.0000032600	-31098.265289	-32.755251
0.0000032700	-31774.862526	-33.380951
0.0000032800	-32443.540583	-33.991029
0.0000032900	-33099.995704	-34.591449
0.0000033000	-33746.437104	-35.187697
0.0000033100	-34389.363123	-35.782369
0.0000033200	-35025.013600	-36.373999
0.0000033300	-35648.863667	-36.957647
0.0000033400	-36264.058589	-37.527003
0.0000033500	-36868.213543	-38.077188
0.0000033600	-37459.185031	-38.607104
0.0000033700	-38040.548562	-39.120344
0.0000033800	-38612.428660	-39.624219
0.0000033900	-39173.082004	-40.127181
0.0000034000	-39721.461326	-40.635581
0.0000034100	-40258.338238	-41.150961
0.0000034200	-40786.554421	-41.668941
0.0000034300	-41305.904197	-42.180172
0.0000034400	-41815.615952	-42.673070
0.0000034500	-42315.153811	-43.137411
0.0000034600	-42800.379781	-43.567521
0.0000034700	-43272.944853	-43.963975
0.0000034800	-43735.858599	-44.333244
0.0000034900	-44188.024792	-44.685486
0.0000035000	-44628.696295	-45.031274
0.0000035100	-45054.993647	-45.378447
0.0000035200	-45468.735733	-45.730076
0.0000035300	-45870.035903	-46.084146
0.0000035400	-46258.195976	-46.434849
0.0000035500	-46633.053646	-46.774872
0.0000035600	-46993.742841	-47.097764
0.0000035700	-47344.312684	-47.399582
0.0000035800	-47683.948189	-47.679390
0.0000035900	-48012.313571	-47.938698
0.0000036000	-48325.850080	-48.180326
0.0000036100	-48623.155770	-48.407289
0.0000036200	-48908.710005	-48.622177
0.0000036300	-49182.837398	-48.827125
0.0000036400	-49442.785142	-49.024121
0.0000036500	-49687.349247	-49.215209
0.0000036600	-49921.014667	-49.402216
0.0000036700	-50144.219361	-49.585940
0.0000036800	-50352.253812	-49.765139
0.0000036900	-50544.698947	-49.935883
0.0000037000	-50723.803897	-50.091876
0.0000037100	-50893.344260	-50.225948
0.0000037200	-51053.725802	-50.332452
0.0000037300	-51198.065439	-50.409742
0.0000037400	-51324.193065	-50.461696
0.0000037500	-51433.018121	-50.497428
0.0000037600	-51525.387790	-50.528941
0.0000037700	-51605.102148	-50.567293
0.0000037800	-51673.738755	-50.618533
0.0000037900	-51731.216456	-50.680990
0.0000038000	-51774.682402	-50.745167
0.0000038100	-51800.883561	-50.796636
0.0000038200	-51813.644490	-50.821207
0.0000038300	-51814.854054	-50.810645
