nstrument TGA-50H
Module TGA
Operator LJ
Sample NC
Size 6.282 mg
Method 
Comment 
Xcomment Pan: Platinum
Xcomment Gas1: Nitrogen
Xcomment Balance Gas: Nitrogen 20.0 ml/min
Xcomment Sample Gas: Nitrogen 20.0 ml/min
Nsig 3
Sig1 Time (sec)
Sig2 Temperature (C)
Sig3 Weight (mg)
OrgMethod 1: Ramp 10.00 C/min to 800.00 C
.0000	31.30	6.282
1.000	31.39	6.284
2.000	31.42	6.286
3.000	31.39	6.287
4.000	31.37	6.289
5.000	31.30	6.290
6.000	31.33	6.290
7.000	31.42	6.291
8.000	31.61	6.292
9.000	31.49	6.292
10.00	31.66	6.293
11.00	31.69	6.294
12.00	31.64	6.294
13.00	31.73	6.295
14.00	31.80	6.295
15.00	31.79	6.295
16.00	31.77	6.295
17.00	31.82	6.296
18.00	31.89	6.296
19.00	31.90	6.296
20.00	32.01	6.297
21.00	31.99	6.297
22.00	32.14	6.298
23.00	32.21	6.297
24.00	32.19	6.298
25.00	32.29	6.298
26.00	32.28	6.298
27.00	32.41	6.298
28.00	32.52	6.299
29.00	32.60	6.299
30.00	32.67	6.299
31.00	32.76	6.299
32.00	32.80	6.299
33.00	33.02	6.299
34.00	33.08	6.299
35.00	33.25	6.300
36.00	33.28	6.300
37.00	33.64	6.300
38.00	33.75	6.300
39.00	33.98	6.300
40.00	34.18	6.300
41.00	34.40	6.300
42.00	34.52	6.300
43.00	34.67	6.300
44.00	34.79	6.301
45.00	34.98	6.301
46.00	35.19	6.301
47.00	35.42	6.301
48.00	35.49	6.301
49.00	35.54	6.301
50.00	35.69	6.301
51.00	35.81	6.301
52.00	35.97	6.301
53.00	36.09	6.302
54.00	36.19	6.302
55.00	36.26	6.302
56.00	36.56	6.302
57.00	36.61	6.302
58.00	36.71	6.302
59.00	37.01	6.302
60.00	37.12	6.302
61.00	37.27	6.302
62.00	37.57	6.302
63.00	37.70	6.302
64.00	37.84	6.302
65.00	37.95	6.302
66.00	38.11	6.302
67.00	38.17	6.303
68.00	38.35	6.303
69.00	38.53	6.303
70.00	38.61	6.303
71.00	38.75	6.303
72.00	38.99	6.303
73.00	39.11	6.303
74.00	39.20	6.303
75.00	39.40	6.303
76.00	39.52	6.303
77.00	39.68	6.303
78.00	39.72	6.304
79.00	39.90	6.304
80.00	40.06	6.304
81.00	40.21	6.304
82.00	40.37	6.304
83.00	40.50	6.304
84.00	40.58	6.304
85.00	40.73	6.304
86.00	40.92	6.304
87.00	41.21	6.305
88.00	41.36	6.304
89.00	41.41	6.305
90.00	41.61	6.305
91.00	41.72	6.305
92.00	41.83	6.305
93.00	41.90	6.305
94.00	42.03	6.305
95.00	42.20	6.305
96.00	42.41	6.305
97.00	42.61	6.305
98.00	42.82	6.305
99.00	42.86	6.305
100.0	43.01	6.305
101.0	43.16	6.306
102.0	43.27	6.306
103.0	43.37	6.306
104.0	43.73	6.306
105.0	44.04	6.306
106.0	44.22	6.306
107.0	44.30	6.306
108.0	44.50	6.306
109.0	44.64	6.306
110.0	44.74	6.306
111.0	44.88	6.306
112.0	45.16	6.306
113.0	45.28	6.306
114.0	45.45	6.307
115.0	45.66	6.306
116.0	45.91	6.307
117.0	46.00	6.307
118.0	46.23	6.307
119.0	46.43	6.307
120.0	46.64	6.307
121.0	46.75	6.307
122.0	46.97	6.307
123.0	47.19	6.307
124.0	47.35	6.307
125.0	47.54	6.307
126.0	47.89	6.307
127.0	48.02	6.307
128.0	48.15	6.307
129.0	48.26	6.307
130.0	48.46	6.307
131.0	48.58	6.307
132.0	48.84	6.307
133.0	48.95	6.307
134.0	49.11	6.307
135.0	49.41	6.307
136.0	49.68	6.307
137.0	49.85	6.307
138.0	49.93	6.307
139.0	50.09	6.307
140.0	50.20	6.307
141.0	50.33	6.307
142.0	50.61	6.307
143.0	50.72	6.307
144.0	50.84	6.307
145.0	51.01	6.307
146.0	51.21	6.307
147.0	51.41	6.307
148.0	51.51	6.307
149.0	51.69	6.307
150.0	51.83	6.307
151.0	51.96	6.307
152.0	52.13	6.307
153.0	52.29	6.307
154.0	52.32	6.307
155.0	52.56	6.307
156.0	52.61	6.307
157.0	52.72	6.307
158.0	52.89	6.307
159.0	53.06	6.307
160.0	53.15	6.307
161.0	53.35	6.307
162.0	53.51	6.307
163.0	53.73	6.307
164.0	53.92	6.307
165.0	54.06	6.307
166.0	54.38	6.307
167.0	54.46	6.307
168.0	54.56	6.307
169.0	54.68	6.307
170.0	54.81	6.307
171.0	54.89	6.308
172.0	55.10	6.307
173.0	55.26	6.307
174.0	55.36	6.307
175.0	55.51	6.308
176.0	55.61	6.308
177.0	55.86	6.308
178.0	56.00	6.308
179.0	56.25	6.308
180.0	56.29	6.308
181.0	56.38	6.308
182.0	56.59	6.308
183.0	56.75	6.308
184.0	56.90	6.308
185.0	57.03	6.308
186.0	57.29	6.308
187.0	57.51	6.308
188.0	57.64	6.308
189.0	57.78	6.308
190.0	58.01	6.308
191.0	58.17	6.308
192.0	58.31	6.308
193.0	58.36	6.308
194.0	58.50	6.308
195.0	58.73	6.308
196.0	58.82	6.308
197.0	58.95	6.309
198.0	59.02	6.309
199.0	59.24	6.309
200.0	59.40	6.309
201.0	59.51	6.309
202.0	59.71	6.309
203.0	59.84	6.309
204.0	60.10	6.309
205.0	60.27	6.309
206.0	60.43	6.309
207.0	60.66	6.309
208.0	60.80	6.309
209.0	60.99	6.309
210.0	61.06	6.309
211.0	61.21	6.309
212.0	61.45	6.309
213.0	61.59	6.309
214.0	61.71	6.309
215.0	62.03	6.309
216.0	62.31	6.309
217.0	62.48	6.309
218.0	62.67	6.309
219.0	62.92	6.309
220.0	62.99	6.309
221.0	63.14	6.309
222.0	63.37	6.310
223.0	63.50	6.309
224.0	63.66	6.310
225.0	63.85	6.309
226.0	64.04	6.310
227.0	64.23	6.309
228.0	64.32	6.309
229.0	64.55	6.310
230.0	64.70	6.309
231.0	64.93	6.309
232.0	65.01	6.309
233.0	65.14	6.309
234.0	65.22	6.309
235.0	65.47	6.309
236.0	65.65	6.309
237.0	65.83	6.309
238.0	66.04	6.309
239.0	66.17	6.309
240.0	66.28	6.309
241.0	66.43	6.309
242.0	66.58	6.309
243.0	66.79	6.309
244.0	66.92	6.309
245.0	67.03	6.309
246.0	67.22	6.309
247.0	67.36	6.309
248.0	67.54	6.309
249.0	67.78	6.309
250.0	67.85	6.309
251.0	68.02	6.309
252.0	68.23	6.309
253.0	68.36	6.309
254.0	68.65	6.309
255.0	68.67	6.309
256.0	68.87	6.309
257.0	69.09	6.309
258.0	69.14	6.309
259.0	69.31	6.309
260.0	69.37	6.309
261.0	69.48	6.309
262.0	69.65	6.309
263.0	69.87	6.309
264.0	70.07	6.309
265.0	70.23	6.309
266.0	70.46	6.309
267.0	70.47	6.309
268.0	70.71	6.309
269.0	70.91	6.309
270.0	71.11	6.309
271.0	71.14	6.309
272.0	71.31	6.309
273.0	71.55	6.309
274.0	71.65	6.309
275.0	71.82	6.309
276.0	72.01	6.309
277.0	72.18	6.309
278.0	72.33	6.309
279.0	72.41	6.309
280.0	72.56	6.309
281.0	72.65	6.309
282.0	72.79	6.309
283.0	72.98	6.309
284.0	73.12	6.309
285.0	73.35	6.309
286.0	73.46	6.310
287.0	73.66	6.309
288.0	73.86	6.309
289.0	73.96	6.310
290.0	74.07	6.309
291.0	74.20	6.310
292.0	74.39	6.309
293.0	74.52	6.309
294.0	74.72	6.310
295.0	74.84	6.310
296.0	75.01	6.310
297.0	75.17	6.309
298.0	75.28	6.310
299.0	75.45	6.309
300.0	75.68	6.310
301.0	75.90	6.310
302.0	76.07	6.310
303.0	76.13	6.310
304.0	76.39	6.310
305.0	76.52	6.310
306.0	76.76	6.310
307.0	76.98	6.310
308.0	77.13	6.310
309.0	77.35	6.310
310.0	77.51	6.310
311.0	77.79	6.310
312.0	77.86	6.310
313.0	78.01	6.310
314.0	78.16	6.310
315.0	78.37	6.310
316.0	78.53	6.310
317.0	78.62	6.310
318.0	78.73	6.310
319.0	78.92	6.310
320.0	79.11	6.310
321.0	79.32	6.310
322.0	79.48	6.310
323.0	79.70	6.310
324.0	79.79	6.310
325.0	79.97	6.310
326.0	80.13	6.310
327.0	80.15	6.310
328.0	80.33	6.310
329.0	80.52	6.310
330.0	80.68	6.310
331.0	80.82	6.310
332.0	80.97	6.310
333.0	81.15	6.310
334.0	81.38	6.310
335.0	81.52	6.310
336.0	81.65	6.310
337.0	81.90	6.310
338.0	82.14	6.310
339.0	82.23	6.310
340.0	82.40	6.310
341.0	82.52	6.310
342.0	82.74	6.310
343.0	82.95	6.310
344.0	83.13	6.310
345.0	83.29	6.310
346.0	83.50	6.309
347.0	83.64	6.310
348.0	83.83	6.310
349.0	84.07	6.310
350.0	84.21	6.310
351.0	84.49	6.310
352.0	84.61	6.309
353.0	84.79	6.309
354.0	84.96	6.309
355.0	85.19	6.309
356.0	85.37	6.309
357.0	85.47	6.310
358.0	85.63	6.309
359.0	85.77	6.309
360.0	86.00	6.309
361.0	86.16	6.309
362.0	86.29	6.309
363.0	86.48	6.309
364.0	86.64	6.309
365.0	86.82	6.309
366.0	87.01	6.309
367.0	87.13	6.309
368.0	87.28	6.309
369.0	87.44	6.309
370.0	87.51	6.308
371.0	87.81	6.308
372.0	87.95	6.309
373.0	88.12	6.309
374.0	88.24	6.308
375.0	88.38	6.308
376.0	88.65	6.308
377.0	88.82	6.308
378.0	88.96	6.308
379.0	89.08	6.308
380.0	89.27	6.308
381.0	89.46	6.308
382.0	89.55	6.308
383.0	89.76	6.308
384.0	89.89	6.308
385.0	89.96	6.307
386.0	90.05	6.308
387.0	90.25	6.307
388.0	90.48	6.307
389.0	90.68	6.307
390.0	90.74	6.307
391.0	90.89	6.307
392.0	91.10	6.307
393.0	91.25	6.307
394.0	91.43	6.307
395.0	91.57	6.307
396.0	91.74	6.307
397.0	91.90	6.307
398.0	91.98	6.307
399.0	92.17	6.307
400.0	92.34	6.307
401.0	92.39	6.307
402.0	92.59	6.307
403.0	92.81	6.307
404.0	92.97	6.307
405.0	93.15	6.307
406.0	93.21	6.307
407.0	93.33	6.307
408.0	93.61	6.307
409.0	93.74	6.307
410.0	93.89	6.307
411.0	94.01	6.307
412.0	94.18	6.307
413.0	94.34	6.307
414.0	94.47	6.307
415.0	94.71	6.307
416.0	94.84	6.307
417.0	94.99	6.307
418.0	95.21	6.307
419.0	95.36	6.307
420.0	95.58	6.306
421.0	95.74	6.307
422.0	95.90	6.306
423.0	96.08	6.306
424.0	96.18	6.306
425.0	96.31	6.306
426.0	96.48	6.306
427.0	96.70	6.306
428.0	96.85	6.306
429.0	97.06	6.306
430.0	97.25	6.306
431.0	97.33	6.306
432.0	97.50	6.306
433.0	97.65	6.306
434.0	97.78	6.306
435.0	97.91	6.306
436.0	98.09	6.306
437.0	98.32	6.306
438.0	98.54	6.305
439.0	98.70	6.305
440.0	98.88	6.306
441.0	98.98	6.305
442.0	99.27	6.306
443.0	99.36	6.305
444.0	99.59	6.305
445.0	99.77	6.305
446.0	99.93	6.306
447.0	100.2	6.305
448.0	100.4	6.305
449.0	100.6	6.305
450.0	100.8	6.305
451.0	101.0	6.305
452.0	101.1	6.305
453.0	101.4	6.305
454.0	101.5	6.305
455.0	101.6	6.305
456.0	101.8	6.305
457.0	102.1	6.304
458.0	102.3	6.304
459.0	102.4	6.304
460.0	102.6	6.304
461.0	102.8	6.304
462.0	102.9	6.304
463.0	103.1	6.304
464.0	103.2	6.304
465.0	103.4	6.304
466.0	103.6	6.303
467.0	103.8	6.304
468.0	103.9	6.303
469.0	104.1	6.303
470.0	104.3	6.303
471.0	104.5	6.303
472.0	104.6	6.303
473.0	104.7	6.303
474.0	104.9	6.303
475.0	105.1	6.303
476.0	105.3	6.303
477.0	105.4	6.303
478.0	105.5	6.303
479.0	105.7	6.303
480.0	105.8	6.303
481.0	105.9	6.302
482.0	106.0	6.302
483.0	106.2	6.302
484.0	106.4	6.302
485.0	106.5	6.302
486.0	106.7	6.301
487.0	106.9	6.301
488.0	107.0	6.301
489.0	107.1	6.301
490.0	107.3	6.301
491.0	107.5	6.301
492.0	107.6	6.301
493.0	107.8	6.301
494.0	107.9	6.301
495.0	108.1	6.301
496.0	108.2	6.301
497.0	108.4	6.301
498.0	108.6	6.301
499.0	108.7	6.300
500.0	109.0	6.301
501.0	109.2	6.300
502.0	109.2	6.301
503.0	109.4	6.301
504.0	109.5	6.300
505.0	109.7	6.300
506.0	109.9	6.300
507.0	110.0	6.300
508.0	110.1	6.300
509.0	110.3	6.300
510.0	110.4	6.300
511.0	110.5	6.300
512.0	110.7	6.300
513.0	110.9	6.300
514.0	111.0	6.300
515.0	111.2	6.300
516.0	111.4	6.300
517.0	111.6	6.299
518.0	111.8	6.300
519.0	112.0	6.300
520.0	112.2	6.300
521.0	112.3	6.299
522.0	112.5	6.299
523.0	112.6	6.299
524.0	112.8	6.299
525.0	113.0	6.299
526.0	113.3	6.299
527.0	113.4	6.299
528.0	113.6	6.299
529.0	113.8	6.299
530.0	114.0	6.299
531.0	114.2	6.299
532.0	114.3	6.299
533.0	114.5	6.299
534.0	114.6	6.299
535.0	114.8	6.298
536.0	114.9	6.298
537.0	115.1	6.298
538.0	115.3	6.298
539.0	115.4	6.298
540.0	115.7	6.298
541.0	115.8	6.298
542.0	116.0	6.298
543.0	116.2	6.298
544.0	116.4	6.297
545.0	116.5	6.298
546.0	116.7	6.297
547.0	116.9	6.298
548.0	117.0	6.297
549.0	117.3	6.297
550.0	117.4	6.297
551.0	117.5	6.297
552.0	117.7	6.297
553.0	117.9	6.296
554.0	118.1	6.296
555.0	118.3	6.296
556.0	118.4	6.296
557.0	118.7	6.296
558.0	118.8	6.296
559.0	118.9	6.296
560.0	119.1	6.296
561.0	119.3	6.296
562.0	119.5	6.295
563.0	119.6	6.295
564.0	119.9	6.295
565.0	120.0	6.295
566.0	120.2	6.295
567.0	120.4	6.295
568.0	120.6	6.295
569.0	120.8	6.295
570.0	120.8	6.295
571.0	121.1	6.294
572.0	121.1	6.294
573.0	121.3	6.294
574.0	121.5	6.294
575.0	121.6	6.294
576.0	121.7	6.294
577.0	121.9	6.293
578.0	122.1	6.293
579.0	122.2	6.293
580.0	122.4	6.293
581.0	122.5	6.293
582.0	122.7	6.293
583.0	122.9	6.293
584.0	123.0	6.293
585.0	123.2	6.293
586.0	123.3	6.293
587.0	123.4	6.292
588.0	123.6	6.293
589.0	123.7	6.292
590.0	123.8	6.292
591.0	124.1	6.292
592.0	124.2	6.291
593.0	124.4	6.292
594.0	124.6	6.291
595.0	124.8	6.291
596.0	124.9	6.291
597.0	125.1	6.291
598.0	125.2	6.291
599.0	125.3	6.291
600.0	125.5	6.291
601.0	125.6	6.291
602.0	125.8	6.291
603.0	126.0	6.290
604.0	126.1	6.290
605.0	126.3	6.290
606.0	126.5	6.290
607.0	126.6	6.290
608.0	126.8	6.290
609.0	126.9	6.290
610.0	127.1	6.290
611.0	127.3	6.290
612.0	127.5	6.289
613.0	127.7	6.289
614.0	127.8	6.289
615.0	127.9	6.289
616.0	128.1	6.289
617.0	128.2	6.289
618.0	128.4	6.289
619.0	128.6	6.289
620.0	128.7	6.289
621.0	128.9	6.288
622.0	129.1	6.288
623.0	129.3	6.288
624.0	129.5	6.288
625.0	129.7	6.288
626.0	129.8	6.288
627.0	130.0	6.288
628.0	130.2	6.288
629.0	130.3	6.287
630.0	130.5	6.288
631.0	130.7	6.288
632.0	130.9	6.287
633.0	131.1	6.287
634.0	131.2	6.287
635.0	131.5	6.287
636.0	131.7	6.286
637.0	131.9	6.286
638.0	131.9	6.286
639.0	132.2	6.286
640.0	132.3	6.286
641.0	132.5	6.286
642.0	132.7	6.286
643.0	133.0	6.286
644.0	133.2	6.286
645.0	133.3	6.285
646.0	133.4	6.285
647.0	133.7	6.285
648.0	133.8	6.285
649.0	134.0	6.284
650.0	134.2	6.284
651.0	134.4	6.284
652.0	134.6	6.284
653.0	134.7	6.284
654.0	134.9	6.284
655.0	135.0	6.284
656.0	135.2	6.283
657.0	135.3	6.283
658.0	135.5	6.283
659.0	135.7	6.283
660.0	135.8	6.282
661.0	135.9	6.282
662.0	136.2	6.282
663.0	136.3	6.282
664.0	136.4	6.282
665.0	136.6	6.282
666.0	136.7	6.281
667.0	136.9	6.281
668.0	137.1	6.281
669.0	137.2	6.281
670.0	137.3	6.281
671.0	137.5	6.281
672.0	137.6	6.280
673.0	137.8	6.280
674.0	137.9	6.280
675.0	138.1	6.280
676.0	138.3	6.280
677.0	138.4	6.280
678.0	138.6	6.280
679.0	138.7	6.280
680.0	138.8	6.280
681.0	139.0	6.279
682.0	139.2	6.279
683.0	139.3	6.279
684.0	139.4	6.279
685.0	139.6	6.279
686.0	139.7	6.279
687.0	139.8	6.278
688.0	140.1	6.278
689.0	140.2	6.278
690.0	140.5	6.278
691.0	140.7	6.278
692.0	140.8	6.278
693.0	141.0	6.277
694.0	141.2	6.277
695.0	141.5	6.277
696.0	141.7	6.278
697.0	141.9	6.277
698.0	142.0	6.277
699.0	142.2	6.277
700.0	142.4	6.277
701.0	142.6	6.277
702.0	142.8	6.277
703.0	143.0	6.277
704.0	143.2	6.276
705.0	143.5	6.276
706.0	143.6	6.276
707.0	143.9	6.276
708.0	144.0	6.276
709.0	144.3	6.276
710.0	144.5	6.276
711.0	144.7	6.275
712.0	144.9	6.275
713.0	145.1	6.275
714.0	145.3	6.274
715.0	145.4	6.274
716.0	145.6	6.274
717.0	145.7	6.274
718.0	145.8	6.274
719.0	146.0	6.274
720.0	146.1	6.273
721.0	146.3	6.273
722.0	146.5	6.273
723.0	146.6	6.273
724.0	146.7	6.272
725.0	146.9	6.272
726.0	147.0	6.271
727.0	147.1	6.271
728.0	147.3	6.271
729.0	147.4	6.271
730.0	147.5	6.271
731.0	147.6	6.271
732.0	147.8	6.271
733.0	147.9	6.270
734.0	148.0	6.270
735.0	148.3	6.270
736.0	148.4	6.269
737.0	148.5	6.269
738.0	148.7	6.269
739.0	148.8	6.269
740.0	148.9	6.269
741.0	149.1	6.269
742.0	149.3	6.268
743.0	149.4	6.268
744.0	149.5	6.268
745.0	149.7	6.268
746.0	149.9	6.268
747.0	150.1	6.267
748.0	150.2	6.267
749.0	150.4	6.267
750.0	150.5	6.267
751.0	150.6	6.267
752.0	150.7	6.267
753.0	150.8	6.267
754.0	151.0	6.266
755.0	151.2	6.266
756.0	151.3	6.266
757.0	151.4	6.266
758.0	151.5	6.266
759.0	151.7	6.265
760.0	151.8	6.265
761.0	152.0	6.265
762.0	152.2	6.265
763.0	152.3	6.265
764.0	152.5	6.265
765.0	152.6	6.265
766.0	152.8	6.264
767.0	152.9	6.264
768.0	153.1	6.264
769.0	153.2	6.264
770.0	153.4	6.264
771.0	153.6	6.264
772.0	153.7	6.264
773.0	153.9	6.264
774.0	154.1	6.263
775.0	154.3	6.263
776.0	154.5	6.263
777.0	154.6	6.262
778.0	154.9	6.262
779.0	155.0	6.262
780.0	155.2	6.262
781.0	155.3	6.262
782.0	155.6	6.262
783.0	155.7	6.261
784.0	155.9	6.262
785.0	156.1	6.261
786.0	156.2	6.261
787.0	156.5	6.261
788.0	156.7	6.261
789.0	156.9	6.260
790.0	157.0	6.260
791.0	157.2	6.260
792.0	157.3	6.260
793.0	157.6	6.259
794.0	157.8	6.259
795.0	158.0	6.259
796.0	158.2	6.259
797.0	158.4	6.259
798.0	158.6	6.258
799.0	158.8	6.258
800.0	159.1	6.258
801.0	159.1	6.257
802.0	159.4	6.257
803.0	159.6	6.257
804.0	159.8	6.257
805.0	160.0	6.257
806.0	160.2	6.257
807.0	160.3	6.257
808.0	160.6	6.256
809.0	160.7	6.256
810.0	160.9	6.256
811.0	161.1	6.255
812.0	161.3	6.255
813.0	161.5	6.255
814.0	161.7	6.254
815.0	161.8	6.254
816.0	162.0	6.254
817.0	162.1	6.254
818.0	162.3	6.253
819.0	162.5	6.253
820.0	162.6	6.253
821.0	162.7	6.252
822.0	162.9	6.252
823.0	163.0	6.252
824.0	163.1	6.252
825.0	163.3	6.252
826.0	163.4	6.251
827.0	163.5	6.251
828.0	163.8	6.251
829.0	163.9	6.251
830.0	164.0	6.251
831.0	164.2	6.250
832.0	164.2	6.250
833.0	164.4	6.250
834.0	164.5	6.249
835.0	164.6	6.249
836.0	164.7	6.249
837.0	164.9	6.249
838.0	165.0	6.248
839.0	165.2	6.248
840.0	165.4	6.248
841.0	165.6	6.248
842.0	165.7	6.248
843.0	165.8	6.247
844.0	166.0	6.247
845.0	166.0	6.247
846.0	166.3	6.247
847.0	166.4	6.247
848.0	166.6	6.246
849.0	166.8	6.246
850.0	166.9	6.246
851.0	167.1	6.246
852.0	167.2	6.246
853.0	167.4	6.245
854.0	167.6	6.245
855.0	167.8	6.245
856.0	167.9	6.244
857.0	168.2	6.244
858.0	168.4	6.244
859.0	168.5	6.244
860.0	168.6	6.244
861.0	168.8	6.243
862.0	168.9	6.243
863.0	169.2	6.243
864.0	169.4	6.243
865.0	169.5	6.243
866.0	169.7	6.242
867.0	169.9	6.242
868.0	170.0	6.242
869.0	170.1	6.242
870.0	170.3	6.242
871.0	170.5	6.241
872.0	170.7	6.241
873.0	170.9	6.240
874.0	171.0	6.241
875.0	171.3	6.240
876.0	171.4	6.240
877.0	171.6	6.240
878.0	171.8	6.239
879.0	172.0	6.239
880.0	172.2	6.239
881.0	172.4	6.238
882.0	172.5	6.238
883.0	172.8	6.238
884.0	172.9	6.238
885.0	173.1	6.238
886.0	173.3	6.237
887.0	173.5	6.237
888.0	173.7	6.237
889.0	173.9	6.237
890.0	174.0	6.236
891.0	174.2	6.236
892.0	174.4	6.236
893.0	174.6	6.236
894.0	174.8	6.235
895.0	175.0	6.235
896.0	175.1	6.234
897.0	175.3	6.234
898.0	175.4	6.234
899.0	175.6	6.234
900.0	175.7	6.234
901.0	175.8	6.233
902.0	176.0	6.233
903.0	176.1	6.233
904.0	176.3	6.232
905.0	176.4	6.232
906.0	176.6	6.232
907.0	176.8	6.232
908.0	176.8	6.231
909.0	177.0	6.231
910.0	177.1	6.231
911.0	177.3	6.230
912.0	177.5	6.230
913.0	177.7	6.230
914.0	177.8	6.229
915.0	178.0	6.229
916.0	178.1	6.229
917.0	178.2	6.228
918.0	178.4	6.228
919.0	178.6	6.228
920.0	178.7	6.228
921.0	178.8	6.228
922.0	179.0	6.227
923.0	179.2	6.227
924.0	179.3	6.227
925.0	179.4	6.227
926.0	179.6	6.226
927.0	179.8	6.226
928.0	180.0	6.226
929.0	180.2	6.225
930.0	180.3	6.225
931.0	180.4	6.225
932.0	180.5	6.224
933.0	180.7	6.224
934.0	180.9	6.224
935.0	181.0	6.224
936.0	181.2	6.223
937.0	181.5	6.223
938.0	181.7	6.223
939.0	181.7	6.223
940.0	181.9	6.222
941.0	182.1	6.222
942.0	182.3	6.221
943.0	182.4	6.221
944.0	182.5	6.221
945.0	182.7	6.221
946.0	182.8	6.221
947.0	183.0	6.220
948.0	183.1	6.220
949.0	183.3	6.220
950.0	183.4	6.219
951.0	183.6	6.219
952.0	183.7	6.219
953.0	183.9	6.219
954.0	184.1	6.218
955.0	184.2	6.218
956.0	184.5	6.218
957.0	184.6	6.218
958.0	184.9	6.217
959.0	184.9	6.217
960.0	185.1	6.217
961.0	185.3	6.217
962.0	185.6	6.216
963.0	185.8	6.216
964.0	186.0	6.216
965.0	186.2	6.215
966.0	186.4	6.215
967.0	186.6	6.214
968.0	186.7	6.214
969.0	187.0	6.214
970.0	187.2	6.214
971.0	187.3	6.213
972.0	187.6	6.213
973.0	187.8	6.213
974.0	188.0	6.213
975.0	188.1	6.212
976.0	188.3	6.212
977.0	188.5	6.211
978.0	188.7	6.211
979.0	188.8	6.210
980.0	189.0	6.210
981.0	189.2	6.210
982.0	189.4	6.209
983.0	189.5	6.209
984.0	189.7	6.209
985.0	189.8	6.208
986.0	190.1	6.208
987.0	190.2	6.208
988.0	190.4	6.208
989.0	190.6	6.207
990.0	190.8	6.207
991.0	190.9	6.206
992.0	191.1	6.206
993.0	191.3	6.206
994.0	191.5	6.205
995.0	191.6	6.205
996.0	191.7	6.204
997.0	191.9	6.204
998.0	192.0	6.204
999.0	192.2	6.204
1000.	192.3	6.203
1001.	192.5	6.203
1002.	192.6	6.202
1003.	192.8	6.202
1004.	193.0	6.202
1005.	193.1	6.201
1006.	193.2	6.201
1007.	193.4	6.200
1008.	193.5	6.200
1009.	193.6	6.200
1010.	193.7	6.199
1011.	194.0	6.199
1012.	194.1	6.199
1013.	194.3	6.199
1014.	194.4	6.198
1015.	194.6	6.198
1016.	194.7	6.198
1017.	194.9	6.198
1018.	195.0	6.197
1019.	195.1	6.197
1020.	195.3	6.196
1021.	195.4	6.196
1022.	195.6	6.195
1023.	195.8	6.195
1024.	195.9	6.195
1025.	196.0	6.195
1026.	196.2	6.194
1027.	196.3	6.194
1028.	196.5	6.194
1029.	196.6	6.193
1030.	196.9	6.193
1031.	197.1	6.193
1032.	197.2	6.192
1033.	197.4	6.192
1034.	197.6	6.192
1035.	197.7	6.191
1036.	198.0	6.191
1037.	198.1	6.191
1038.	198.3	6.190
1039.	198.4	6.190
1040.	198.6	6.189
1041.	198.7	6.189
1042.	199.0	6.189
1043.	199.2	6.188
1044.	199.4	6.188
1045.	199.7	6.188
1046.	199.9	6.187
1047.	200.0	6.187
1048.	200.2	6.187
1049.	200.4	6.186
1050.	200.5	6.186
1051.	200.7	6.185
1052.	200.8	6.185
1053.	201.0	6.185
1054.	201.1	6.185
1055.	201.3	6.184
1056.	201.5	6.184
1057.	201.7	6.183
1058.	201.9	6.183
1059.	202.1	6.183
1060.	202.3	6.182
1061.	202.5	6.182
1062.	202.7	6.181
1063.	202.9	6.181
1064.	203.1	6.180
1065.	203.3	6.180
1066.	203.5	6.180
1067.	203.7	6.179
1068.	203.7	6.179
1069.	203.9	6.179
1070.	204.0	6.178
1071.	204.2	6.178
1072.	204.4	6.177
1073.	204.5	6.177
1074.	204.6	6.177
1075.	204.8	6.176
1076.	204.9	6.176
1077.	205.1	6.175
1078.	205.3	6.175
1079.	205.5	6.175
1080.	205.6	6.174
1081.	205.7	6.174
1082.	205.9	6.173
1083.	206.0	6.173
1084.	206.1	6.173
1085.	206.3	6.172
1086.	206.4	6.172
1087.	206.7	6.171
1088.	206.8	6.171
1089.	206.9	6.171
1090.	207.1	6.170
1091.	207.3	6.170
1092.	207.4	6.169
1093.	207.6	6.169
1094.	207.7	6.169
1095.	207.9	6.168
1096.	208.0	6.168
1097.	208.2	6.167
1098.	208.3	6.167
1099.	208.5	6.167
1100.	208.7	6.166
1101.	208.8	6.166
1102.	209.0	6.165
1103.	209.1	6.165
1104.	209.3	6.165
1105.	209.4	6.164
1106.	209.6	6.164
1107.	209.7	6.164
1108.	209.9	6.163
1109.	210.1	6.163
1110.	210.3	6.162
1111.	210.5	6.162
1112.	210.7	6.161
1113.	210.9	6.161
1114.	211.1	6.161
1115.	211.3	6.161
1116.	211.4	6.160
1117.	211.7	6.160
1118.	211.8	6.159
1119.	211.9	6.159
1120.	212.1	6.159
1121.	212.3	6.158
1122.	212.5	6.158
1123.	212.7	6.157
1124.	212.8	6.157
1125.	213.0	6.157
1126.	213.2	6.156
1127.	213.4	6.156
1128.	213.5	6.156
1129.	213.7	6.155
1130.	213.9	6.155
1131.	214.1	6.154
1132.	214.2	6.154
1133.	214.5	6.154
1134.	214.5	6.153
1135.	214.7	6.152
1136.	214.9	6.152
1137.	215.1	6.152
1138.	215.2	6.151
1139.	215.4	6.151
1140.	215.5	6.150
1141.	215.7	6.150
1142.	215.9	6.150
1143.	216.0	6.149
1144.	216.2	6.148
1145.	216.3	6.148
1146.	216.5	6.148
1147.	216.7	6.147
1148.	216.8	6.147
1149.	217.0	6.146
1150.	217.2	6.146
1151.	217.3	6.146
1152.	217.5	6.145
1153.	217.6	6.145
1154.	217.9	6.144
1155.	217.9	6.144
1156.	218.1	6.143
1157.	218.3	6.143
1158.	218.5	6.143
1159.	218.6	6.142
1160.	218.7	6.142
1161.	218.8	6.141
1162.	219.0	6.141
1163.	219.2	6.140
1164.	219.3	6.140
1165.	219.6	6.140
1166.	219.8	6.139
1167.	220.0	6.139
1168.	220.2	6.138
1169.	220.3	6.138
1170.	220.6	6.137
1171.	220.7	6.137
1172.	220.8	6.136
1173.	221.0	6.136
1174.	221.1	6.135
1175.	221.3	6.135
1176.	221.5	6.135
1177.	221.7	6.134
1178.	221.9	6.134
1179.	222.1	6.133
1180.	222.2	6.133
1181.	222.4	6.132
1182.	222.5	6.132
1183.	222.7	6.131
1184.	222.9	6.131
1185.	223.0	6.131
1186.	223.2	6.130
1187.	223.3	6.130
1188.	223.4	6.129
1189.	223.6	6.129
1190.	223.8	6.128
1191.	224.0	6.128
1192.	224.1	6.127
1193.	224.3	6.127
1194.	224.5	6.127
1195.	224.6	6.126
1196.	224.8	6.126
1197.	224.9	6.125
1198.	225.1	6.125
1199.	225.3	6.124
1200.	225.5	6.124
1201.	225.7	6.123
1202.	225.8	6.123
1203.	226.0	6.123
1204.	226.2	6.122
1205.	226.4	6.122
1206.	226.5	6.122
1207.	226.7	6.121
1208.	226.8	6.120
1209.	227.0	6.120
1210.	227.1	6.120
1211.	227.2	6.119
1212.	227.4	6.119
1213.	227.6	6.118
1214.	227.8	6.117
1215.	228.0	6.117
1216.	228.2	6.117
1217.	228.3	6.116
1218.	228.5	6.116
1219.	228.7	6.115
1220.	228.9	6.115
1221.	229.1	6.114
1222.	229.2	6.114
1223.	229.4	6.114
1224.	229.5	6.113
1225.	229.8	6.112
1226.	229.9	6.112
1227.	230.1	6.111
1228.	230.3	6.111
1229.	230.4	6.110
1230.	230.6	6.110
1231.	230.7	6.110
1232.	230.9	6.109
1233.	231.0	6.108
1234.	231.1	6.108
1235.	231.3	6.108
1236.	231.5	6.107
1237.	231.7	6.107
1238.	231.8	6.106
1239.	232.0	6.106
1240.	232.1	6.105
1241.	232.3	6.105
1242.	232.5	6.104
1243.	232.6	6.104
1244.	232.8	6.103
1245.	232.9	6.103
1246.	233.1	6.102
1247.	233.3	6.102
1248.	233.5	6.101
1249.	233.7	6.101
1250.	233.8	6.100
1251.	234.0	6.100
1252.	234.2	6.099
1253.	234.3	6.099
1254.	234.5	6.098
1255.	234.7	6.098
1256.	234.8	6.097
1257.	235.0	6.097
1258.	235.2	6.096
1259.	235.4	6.096
1260.	235.5	6.095
1261.	235.7	6.095
1262.	235.9	6.094
1263.	236.0	6.094
1264.	236.2	6.093
1265.	236.3	6.093
1266.	236.4	6.092
1267.	236.5	6.092
1268.	236.7	6.091
1269.	236.9	6.091
1270.	237.0	6.090
1271.	237.2	6.090
1272.	237.4	6.089
1273.	237.6	6.089
1274.	237.7	6.088
1275.	237.9	6.088
1276.	238.1	6.088
1277.	238.2	6.087
1278.	238.5	6.086
1279.	238.6	6.086
1280.	238.8	6.085
1281.	238.9	6.085
1282.	239.1	6.084
1283.	239.3	6.084
1284.	239.4	6.083
1285.	239.6	6.083
1286.	239.7	6.082
1287.	239.9	6.082
1288.	240.1	6.081
1289.	240.3	6.081
1290.	240.4	6.080
1291.	240.6	6.080
1292.	240.7	6.080
1293.	240.9	6.079
1294.	241.0	6.078
1295.	241.2	6.078
1296.	241.4	6.077
1297.	241.5	6.077
1298.	241.7	6.076
1299.	241.9	6.076
1300.	242.1	6.075
1301.	242.3	6.075
1302.	242.5	6.074
1303.	242.6	6.074
1304.	242.8	6.073
1305.	242.9	6.073
1306.	243.0	6.072
1307.	243.2	6.072
1308.	243.4	6.071
1309.	243.6	6.071
1310.	243.8	6.070
1311.	244.0	6.070
1312.	244.1	6.069
1313.	244.2	6.069
1314.	244.4	6.068
1315.	244.6	6.068
1316.	244.9	6.067
1317.	245.1	6.066
1318.	245.3	6.066
1319.	245.5	6.065
1320.	245.6	6.065
1321.	245.7	6.064
1322.	245.9	6.064
1323.	246.2	6.063
1324.	246.3	6.063
1325.	246.5	6.062
1326.	246.7	6.062
1327.	246.9	6.062
1328.	247.1	6.061
1329.	247.3	6.060
1330.	247.4	6.060
1331.	247.6	6.059
1332.	247.8	6.059
1333.	248.0	6.058
1334.	248.2	6.058
1335.	248.3	6.057
1336.	248.5	6.057
1337.	248.6	6.056
1338.	248.8	6.056
1339.	248.9	6.055
1340.	249.0	6.055
1341.	249.2	6.054
1342.	249.3	6.053
1343.	249.5	6.053
1344.	249.6	6.052
1345.	249.8	6.052
1346.	250.0	6.051
1347.	250.2	6.050
1348.	250.3	6.050
1349.	250.5	6.050
1350.	250.6	6.049
1351.	250.7	6.049
1352.	250.9	6.048
1353.	251.1	6.047
1354.	251.2	6.047
1355.	251.4	6.046
1356.	251.5	6.046
1357.	251.6	6.045
1358.	251.8	6.045
1359.	251.9	6.045
1360.	252.1	6.044
1361.	252.2	6.044
1362.	252.4	6.043
1363.	252.6	6.042
1364.	252.8	6.042
1365.	253.0	6.041
1366.	253.2	6.041
1367.	253.2	6.040
1368.	253.4	6.040
1369.	253.6	6.039
1370.	253.8	6.039
1371.	253.9	6.038
1372.	254.1	6.038
1373.	254.2	6.037
1374.	254.3	6.036
1375.	254.5	6.036
1376.	254.8	6.036
1377.	254.9	6.035
1378.	255.1	6.035
1379.	255.2	6.034
1380.	255.4	6.033
1381.	255.6	6.033
1382.	255.8	6.032
1383.	255.9	6.032
1384.	256.1	6.031
1385.	256.3	6.031
1386.	256.6	6.030
1387.	256.8	6.030
1388.	256.9	6.029
1389.	257.1	6.029
1390.	257.3	6.028
1391.	257.4	6.028
1392.	257.5	6.027
1393.	257.7	6.026
1394.	257.8	6.026
1395.	258.1	6.026
1396.	258.2	6.025
1397.	258.4	6.025
1398.	258.6	6.024
1399.	258.8	6.024
1400.	259.0	6.023
1401.	259.1	6.022
1402.	259.4	6.022
1403.	259.5	6.021
1404.	259.7	6.021
1405.	259.9	6.020
1406.	260.0	6.020
1407.	260.2	6.019
1408.	260.4	6.019
1409.	260.5	6.018
1410.	260.7	6.017
1411.	260.8	6.017
1412.	261.0	6.016
1413.	261.2	6.016
1414.	261.4	6.015
1415.	261.5	6.015
1416.	261.7	6.014
1417.	261.8	6.013
1418.	262.0	6.013
1419.	262.1	6.012
1420.	262.3	6.012
1421.	262.4	6.012
1422.	262.6	6.011
1423.	262.8	6.010
1424.	262.9	6.009
1425.	263.0	6.009
1426.	263.2	6.008
1427.	263.4	6.008
1428.	263.5	6.007
1429.	263.7	6.007
1430.	263.8	6.007
1431.	263.9	6.006
1432.	264.1	6.005
1433.	264.2	6.005
1434.	264.4	6.004
1435.	264.6	6.004
1436.	264.7	6.003
1437.	264.9	6.003
1438.	265.1	6.002
1439.	265.3	6.001
1440.	265.4	6.001
1441.	265.7	6.000
1442.	265.9	5.999
1443.	266.1	5.999
1444.	266.2	5.999
1445.	266.4	5.998
1446.	266.6	5.998
1447.	266.7	5.997
1448.	266.9	5.997
1449.	267.1	5.996
1450.	267.3	5.995
1451.	267.4	5.995
1452.	267.6	5.994
1453.	267.7	5.994
1454.	267.9	5.993
1455.	268.1	5.992
1456.	268.3	5.992
1457.	268.5	5.992
1458.	268.7	5.991
1459.	268.8	5.990
1460.	269.0	5.990
1461.	269.1	5.989
1462.	269.2	5.989
1463.	269.4	5.988
1464.	269.6	5.987
1465.	269.8	5.987
1466.	270.0	5.986
1467.	270.0	5.986
1468.	270.2	5.986
1469.	270.4	5.985
1470.	270.5	5.984
1471.	270.7	5.983
1472.	270.8	5.983
1473.	271.0	5.982
1474.	271.3	5.982
1475.	271.4	5.981
1476.	271.6	5.981
1477.	271.7	5.980
1478.	271.8	5.980
1479.	272.0	5.979
1480.	272.2	5.978
1481.	272.3	5.978
1482.	272.5	5.977
1483.	272.6	5.976
1484.	272.7	5.976
1485.	272.9	5.976
1486.	273.0	5.975
1487.	273.2	5.975
1488.	273.4	5.974
1489.	273.6	5.973
1490.	273.8	5.973
1491.	274.0	5.972
1492.	274.2	5.972
1493.	274.3	5.971
1494.	274.6	5.970
1495.	274.7	5.970
1496.	274.9	5.969
1497.	275.2	5.969
1498.	275.2	5.968
1499.	275.4	5.968
1500.	275.7	5.967
1501.	275.9	5.967
1502.	276.0	5.966
1503.	276.2	5.966
1504.	276.3	5.965
1505.	276.4	5.965
1506.	276.6	5.964
1507.	276.8	5.963
1508.	277.0	5.963
1509.	277.2	5.962
1510.	277.4	5.961
1511.	277.5	5.961
1512.	277.7	5.960
1513.	277.8	5.959
1514.	278.0	5.959
1515.	278.1	5.959
1516.	278.3	5.958
1517.	278.4	5.958
1518.	278.6	5.957
1519.	278.8	5.956
1520.	278.9	5.956
1521.	279.1	5.955
1522.	279.2	5.954
1523.	279.4	5.954
1524.	279.5	5.953
1525.	279.6	5.953
1526.	279.7	5.952
1527.	279.9	5.952
1528.	280.1	5.951
1529.	280.3	5.950
1530.	280.4	5.950
1531.	280.5	5.949
1532.	280.7	5.949
1533.	280.8	5.948
1534.	280.9	5.948
1535.	281.1	5.947
1536.	281.2	5.947
1537.	281.4	5.946
1538.	281.6	5.945
1539.	281.8	5.945
1540.	282.0	5.944
1541.	282.2	5.944
1542.	282.4	5.943
1543.	282.6	5.942
1544.	282.8	5.942
1545.	283.0	5.941
1546.	283.1	5.940
1547.	283.3	5.940
1548.	283.5	5.939
1549.	283.6	5.939
1550.	283.8	5.938
1551.	284.0	5.938
1552.	284.1	5.937
1553.	284.3	5.937
1554.	284.6	5.936
1555.	284.7	5.935
1556.	285.0	5.934
1557.	285.1	5.934
1558.	285.4	5.933
1559.	285.6	5.932
1560.	285.6	5.932
1561.	285.8	5.932
1562.	286.0	5.931
1563.	286.2	5.930
1564.	286.4	5.930
1565.	286.6	5.929
1566.	286.7	5.928
1567.	286.9	5.927
1568.	287.1	5.927
1569.	287.3	5.926
1570.	287.5	5.926
1571.	287.6	5.925
1572.	287.8	5.925
1573.	287.8	5.924
1574.	288.0	5.923
1575.	288.2	5.922
1576.	288.2	5.922
1577.	288.4	5.921
1578.	288.6	5.921
1579.	288.7	5.920
1580.	288.9	5.919
1581.	289.0	5.919
1582.	289.2	5.918
1583.	289.4	5.917
1584.	289.5	5.916
1585.	289.7	5.916
1586.	289.8	5.915
1587.	290.0	5.915
1588.	290.1	5.914
1589.	290.3	5.913
1590.	290.5	5.912
1591.	290.7	5.912
1592.	290.8	5.911
1593.	290.9	5.910
1594.	291.1	5.910
1595.	291.3	5.909
1596.	291.4	5.908
1597.	291.6	5.908
1598.	291.7	5.907
1599.	291.9	5.906
1600.	292.0	5.906
1601.	292.2	5.905
1602.	292.4	5.904
1603.	292.6	5.904
1604.	292.7	5.903
1605.	292.9	5.902
1606.	293.0	5.902
1607.	293.2	5.901
1608.	293.4	5.900
1609.	293.5	5.900
1610.	293.7	5.899
1611.	293.9	5.898
1612.	294.2	5.898
1613.	294.4	5.897
1614.	294.6	5.896
1615.	294.7	5.896
1616.	294.9	5.895
1617.	295.2	5.894
1618.	295.3	5.894
1619.	295.5	5.893
1620.	295.6	5.892
1621.	295.8	5.891
1622.	296.0	5.891
1623.	296.2	5.890
1624.	296.3	5.890
1625.	296.6	5.889
1626.	296.8	5.888
1627.	296.9	5.887
1628.	297.0	5.886
1629.	297.2	5.885
1630.	297.3	5.885
1631.	297.5	5.884
1632.	297.8	5.883
1633.	297.9	5.883
1634.	298.1	5.882
1635.	298.2	5.881
1636.	298.3	5.880
1637.	298.5	5.880
1638.	298.7	5.879
1639.	298.9	5.878
1640.	299.0	5.877
1641.	299.1	5.876
1642.	299.3	5.876
1643.	299.4	5.875
1644.	299.5	5.875
1645.	299.7	5.874
1646.	299.9	5.873
1647.	300.1	5.872
1648.	300.3	5.871
1649.	300.4	5.870
1650.	300.5	5.870
1651.	300.6	5.869
1652.	300.9	5.868
1653.	301.0	5.867
1654.	301.1	5.867
1655.	301.3	5.866
1656.	301.4	5.865
1657.	301.6	5.864
1658.	301.7	5.863
1659.	301.9	5.863
1660.	302.1	5.862
1661.	302.3	5.862
1662.	302.4	5.861
1663.	302.6	5.860
1664.	302.7	5.859
1665.	302.9	5.858
1666.	303.0	5.857
1667.	303.2	5.857
1668.	303.4	5.855
1669.	303.6	5.855
1670.	303.8	5.854
1671.	304.0	5.853
1672.	304.1	5.853
1673.	304.3	5.852
1674.	304.3	5.851
1675.	304.6	5.850
1676.	304.8	5.849
1677.	305.0	5.848
1678.	305.2	5.848
1679.	305.3	5.847
1680.	305.5	5.846
1681.	305.7	5.846
1682.	305.9	5.845
1683.	306.1	5.844
1684.	306.3	5.843
1685.	306.5	5.842
1686.	306.7	5.841
1687.	306.9	5.840
1688.	307.0	5.839
1689.	307.1	5.838
1690.	307.3	5.838
1691.	307.4	5.837
1692.	307.6	5.836
1693.	307.8	5.835
1694.	308.0	5.834
1695.	308.2	5.833
1696.	308.5	5.832
1697.	308.5	5.831
1698.	308.7	5.831
1699.	308.8	5.829
1700.	309.0	5.829
1701.	309.2	5.828
1702.	309.3	5.827
1703.	309.5	5.826
1704.	309.6	5.825
1705.	309.8	5.824
1706.	310.0	5.823
1707.	310.1	5.822
1708.	310.2	5.821
1709.	310.3	5.820
1710.	310.4	5.819
1711.	310.6	5.818
1712.	310.7	5.817
1713.	310.9	5.816
1714.	311.1	5.815
1715.	311.3	5.815
1716.	311.4	5.814
1717.	311.6	5.813
1718.	311.7	5.812
1719.	311.9	5.811
1720.	312.1	5.810
1721.	312.2	5.809
1722.	312.3	5.808
1723.	312.5	5.807
1724.	312.6	5.806
1725.	312.9	5.805
1726.	313.1	5.804
1727.	313.3	5.803
1728.	313.4	5.802
1729.	313.6	5.801
1730.	313.7	5.800
1731.	313.9	5.799
1732.	314.1	5.798
1733.	314.3	5.797
1734.	314.5	5.796
1735.	314.7	5.795
1736.	314.9	5.794
1737.	315.1	5.793
1738.	315.2	5.792
1739.	315.5	5.791
1740.	315.6	5.790
1741.	315.8	5.789
1742.	315.9	5.788
1743.	316.1	5.787
1744.	316.4	5.786
1745.	316.5	5.785
1746.	316.6	5.784
1747.	316.8	5.782
1748.	317.0	5.781
1749.	317.1	5.780
1750.	317.4	5.779
1751.	317.5	5.778
1752.	317.7	5.777
1753.	317.8	5.776
1754.	318.0	5.775
1755.	318.1	5.774
1756.	318.3	5.772
1757.	318.5	5.771
1758.	318.6	5.770
1759.	318.7	5.769
1760.	318.9	5.768
1761.	319.0	5.767
1762.	319.2	5.766
1763.	319.4	5.764
1764.	319.5	5.763
1765.	319.6	5.762
1766.	319.7	5.761
1767.	319.9	5.760
1768.	320.0	5.759
1769.	320.1	5.757
1770.	320.3	5.756
1771.	320.5	5.755
1772.	320.6	5.754
1773.	320.7	5.753
1774.	321.0	5.751
1775.	321.2	5.750
1776.	321.4	5.749
1777.	321.5	5.748
1778.	321.7	5.746
1779.	321.9	5.745
1780.	322.0	5.744
1781.	322.2	5.743
1782.	322.5	5.742
1783.	322.6	5.741
1784.	322.7	5.739
1785.	322.9	5.738
1786.	323.1	5.737
1787.	323.3	5.736
1788.	323.5	5.735
1789.	323.7	5.733
1790.	323.8	5.732
1791.	324.0	5.730
1792.	324.2	5.729
1793.	324.4	5.728
1794.	324.5	5.727
1795.	324.7	5.725
1796.	324.7	5.724
1797.	324.9	5.722
1798.	325.0	5.721
1799.	325.2	5.720
1800.	325.3	5.718
1801.	325.5	5.717
1802.	325.7	5.716
1803.	325.8	5.715
1804.	326.0	5.713
1805.	326.2	5.712
1806.	326.4	5.710
1807.	326.6	5.709
1808.	326.8	5.708
1809.	326.9	5.706
1810.	327.2	5.705
1811.	327.2	5.703
1812.	327.5	5.702
1813.	327.7	5.700
1814.	327.8	5.699
1815.	328.0	5.698
1816.	328.2	5.696
1817.	328.5	5.695
1818.	328.7	5.694
1819.	328.8	5.692
1820.	329.0	5.690
1821.	329.1	5.689
1822.	329.4	5.687
1823.	329.5	5.686
1824.	329.8	5.684
1825.	330.0	5.683
1826.	330.1	5.681
1827.	330.3	5.680
1828.	330.5	5.678
1829.	330.7	5.676
1830.	330.8	5.675
1831.	331.0	5.673
1832.	331.1	5.672
1833.	331.3	5.670
1834.	331.4	5.669
1835.	331.6	5.667
1836.	331.7	5.665
1837.	331.8	5.664
1838.	332.0	5.662
1839.	332.2	5.660
1840.	332.2	5.659
1841.	332.3	5.657
1842.	332.5	5.656
1843.	332.8	5.654
1844.	332.9	5.652
1845.	333.0	5.651
1846.	333.1	5.649
1847.	333.3	5.647
1848.	333.4	5.645
1849.	333.5	5.644
1850.	333.7	5.642
1851.	333.8	5.641
1852.	334.0	5.639
1853.	334.1	5.637
1854.	334.2	5.635
1855.	334.4	5.634
1856.	334.5	5.632
1857.	334.7	5.630
1858.	334.8	5.628
1859.	335.0	5.627
1860.	335.2	5.625
1861.	335.4	5.623
1862.	335.6	5.622
1863.	335.7	5.620
1864.	335.8	5.618
1865.	336.0	5.616
1866.	336.2	5.614
1867.	336.4	5.612
1868.	336.6	5.610
1869.	336.7	5.608
1870.	336.9	5.606
1871.	337.2	5.604
1872.	337.3	5.602
1873.	337.6	5.601
1874.	337.9	5.598
1875.	338.0	5.596
1876.	338.1	5.594
1877.	338.3	5.593
1878.	338.6	5.591
1879.	338.7	5.588
1880.	338.9	5.586
1881.	339.1	5.584
1882.	339.3	5.582
1883.	339.5	5.581
1884.	339.7	5.578
1885.	339.8	5.576
1886.	340.0	5.574
1887.	340.2	5.572
1888.	340.4	5.570
1889.	340.5	5.568
1890.	340.7	5.565
1891.	340.9	5.563
1892.	341.1	5.561
1893.	341.2	5.559
1894.	341.4	5.557
1895.	341.6	5.554
1896.	341.7	5.552
1897.	341.8	5.550
1898.	342.0	5.548
1899.	342.1	5.545
1900.	342.3	5.543
1901.	342.4	5.541
1902.	342.6	5.539
1903.	342.8	5.536
1904.	342.9	5.534
1905.	343.0	5.532
1906.	343.2	5.529
1907.	343.4	5.527
1908.	343.6	5.525
1909.	343.8	5.522
1910.	344.0	5.520
1911.	344.2	5.517
1912.	344.3	5.515
1913.	344.5	5.512
1914.	344.6	5.509
1915.	344.7	5.507
1916.	344.9	5.505
1917.	345.1	5.502
1918.	345.2	5.500
1919.	345.4	5.497
1920.	345.5	5.494
1921.	345.7	5.492
1922.	345.9	5.489
1923.	346.0	5.486
1924.	346.2	5.484
1925.	346.3	5.481
1926.	346.6	5.478
1927.	346.7	5.476
1928.	346.9	5.473
1929.	347.0	5.470
1930.	347.2	5.468
1931.	347.3	5.465
1932.	347.5	5.462
1933.	347.7	5.459
1934.	347.9	5.456
1935.	348.0	5.453
1936.	348.2	5.451
1937.	348.3	5.448
1938.	348.5	5.445
1939.	348.7	5.442
1940.	348.8	5.439
1941.	349.1	5.436
1942.	349.2	5.433
1943.	349.4	5.430
1944.	349.5	5.427
1945.	349.7	5.424
1946.	349.8	5.421
1947.	349.9	5.418
1948.	350.0	5.415
1949.	350.2	5.412
1950.	350.4	5.409
1951.	350.6	5.405
1952.	350.7	5.402
1953.	350.9	5.399
1954.	351.1	5.396
1955.	351.2	5.393
1956.	351.4	5.390
1957.	351.7	5.386
1958.	351.7	5.383
1959.	351.9	5.380
1960.	352.2	5.376
1961.	352.4	5.373
1962.	352.6	5.369
1963.	352.8	5.366
1964.	353.0	5.363
1965.	353.2	5.359
1966.	353.3	5.356
1967.	353.5	5.352
1968.	353.6	5.349
1969.	353.9	5.345
1970.	354.1	5.342
1971.	354.2	5.338
1972.	354.4	5.334
1973.	354.6	5.331
1974.	354.7	5.327
1975.	354.8	5.323
1976.	355.0	5.319
1977.	355.1	5.316
1978.	355.4	5.312
1979.	355.6	5.308
1980.	355.7	5.304
1981.	355.8	5.300
1982.	356.0	5.296
1983.	356.2	5.292
1984.	356.4	5.289
1985.	356.6	5.284
1986.	356.7	5.280
1987.	356.9	5.277
1988.	357.0	5.272
1989.	357.2	5.268
1990.	357.3	5.264
1991.	357.5	5.260
1992.	357.6	5.256
1993.	357.8	5.251
1994.	357.9	5.247
1995.	358.1	5.243
1996.	358.2	5.239
1997.	358.4	5.234
1998.	358.5	5.230
1999.	358.7	5.226
2000.	358.9	5.221
2001.	359.1	5.217
2002.	359.3	5.212
2003.	359.4	5.208
2004.	359.6	5.203
2005.	359.7	5.198
2006.	359.8	5.194
2007.	360.0	5.190
2008.	360.2	5.184
2009.	360.3	5.180
2010.	360.5	5.175
2011.	360.6	5.170
2012.	360.8	5.165
2013.	361.0	5.160
2014.	361.1	5.154
2015.	361.3	5.149
2016.	361.5	5.144
2017.	361.7	5.138
2018.	361.9	5.132
2019.	362.2	5.127
2020.	362.3	5.121
2021.	362.4	5.116
2022.	362.6	5.110
2023.	362.7	5.105
2024.	362.9	5.099
2025.	363.0	5.094
2026.	363.1	5.088
2027.	363.3	5.083
2028.	363.5	5.077
2029.	363.6	5.071
2030.	363.9	5.066
2031.	364.0	5.060
2032.	364.3	5.054
2033.	364.5	5.049
2034.	364.5	5.043
2035.	364.6	5.037
2036.	364.8	5.031
2037.	365.0	5.025
2038.	365.2	5.020
2039.	365.4	5.014
2040.	365.5	5.008
2041.	365.7	5.002
2042.	365.9	4.996
2043.	366.1	4.990
2044.	366.2	4.985
2045.	366.4	4.978
2046.	366.6	4.973
2047.	366.8	4.967
2048.	366.9	4.961
2049.	367.0	4.955
2050.	367.2	4.949
2051.	367.3	4.943
2052.	367.6	4.938
2053.	367.8	4.932
2054.	367.9	4.926
2055.	368.2	4.920
2056.	368.3	4.914
2057.	368.5	4.908
2058.	368.6	4.903
2059.	368.8	4.897
2060.	369.0	4.891
2061.	369.1	4.885
2062.	369.3	4.879
2063.	369.5	4.873
2064.	369.6	4.868
2065.	369.8	4.862
2066.	369.8	4.856
2067.	369.9	4.850
2068.	370.1	4.843
2069.	370.4	4.837
2070.	370.4	4.832
2071.	370.6	4.825
2072.	370.7	4.819
2073.	370.9	4.813
2074.	371.1	4.806
2075.	371.3	4.800
2076.	371.5	4.794
2077.	371.6	4.787
2078.	371.8	4.782
2079.	371.9	4.776
2080.	372.0	4.770
2081.	372.2	4.764
2082.	372.4	4.757
2083.	372.6	4.750
2084.	372.7	4.744
2085.	372.9	4.738
2086.	373.1	4.731
2087.	373.3	4.725
2088.	373.5	4.719
2089.	373.7	4.712
2090.	373.9	4.706
2091.	374.0	4.699
2092.	374.1	4.692
2093.	374.3	4.686
2094.	374.4	4.679
2095.	374.6	4.673
2096.	374.8	4.666
2097.	375.0	4.659
2098.	375.2	4.653
2099.	375.3	4.645
2100.	375.5	4.639
2101.	375.7	4.632
2102.	375.8	4.624
2103.	376.0	4.617
2104.	376.2	4.610
2105.	376.3	4.603
2106.	376.5	4.595
2107.	376.6	4.588
2108.	376.8	4.580
2109.	377.1	4.573
2110.	377.2	4.565
2111.	377.3	4.558
2112.	377.5	4.550
2113.	377.7	4.542
2114.	377.8	4.534
2115.	377.9	4.527
2116.	378.1	4.519
2117.	378.3	4.511
2118.	378.4	4.503
2119.	378.7	4.495
2120.	378.9	4.487
2121.	379.0	4.479
2122.	379.3	4.471
2123.	379.4	4.463
2124.	379.6	4.455
2125.	379.7	4.447
2126.	379.8	4.438
2127.	380.0	4.430
2128.	380.2	4.421
2129.	380.4	4.412
2130.	380.5	4.405
2131.	380.6	4.396
2132.	380.8	4.387
2133.	381.0	4.378
2134.	381.1	4.370
2135.	381.3	4.361
2136.	381.5	4.352
2137.	381.6	4.343
2138.	381.7	4.334
2139.	381.8	4.325
2140.	382.0	4.316
2141.	382.2	4.306
2142.	382.4	4.297
2143.	382.5	4.287
2144.	382.6	4.277
2145.	382.8	4.268
2146.	382.9	4.257
2147.	383.1	4.247
2148.	383.3	4.236
2149.	383.4	4.226
2150.	383.6	4.215
2151.	383.9	4.204
2152.	384.0	4.193
2153.	384.2	4.182
2154.	384.4	4.171
2155.	384.6	4.159
2156.	384.9	4.148
2157.	385.1	4.136
2158.	385.2	4.124
2159.	385.4	4.112
2160.	385.6	4.099
2161.	385.8	4.086
2162.	386.0	4.074
2163.	386.2	4.061
2164.	386.4	4.048
2165.	386.6	4.036
2166.	386.8	4.023
2167.	387.0	4.010
2168.	387.1	3.999
2169.	387.2	3.986
2170.	387.4	3.973
2171.	387.6	3.961
2172.	387.8	3.948
2173.	388.0	3.935
2174.	388.2	3.922
2175.	388.3	3.910
2176.	388.5	3.897
2177.	388.6	3.884
2178.	388.7	3.872
2179.	388.9	3.859
2180.	389.0	3.846
2181.	389.2	3.833
2182.	389.4	3.820
2183.	389.5	3.808
2184.	389.7	3.795
2185.	389.8	3.783
2186.	390.0	3.770
2187.	390.1	3.756
2188.	390.3	3.743
2189.	390.4	3.730
2190.	390.5	3.717
2191.	390.7	3.704
2192.	390.8	3.692
2193.	390.9	3.678
2194.	391.1	3.665
2195.	391.2	3.652
2196.	391.4	3.639
2197.	391.6	3.626
2198.	391.8	3.613
2199.	392.0	3.600
2200.	392.0	3.586
2201.	392.2	3.573
2202.	392.4	3.559
2203.	392.6	3.546
2204.	392.8	3.533
2205.	392.9	3.519
2206.	393.1	3.506
2207.	393.3	3.492
2208.	393.5	3.479
2209.	393.7	3.466
2210.	393.9	3.452
2211.	394.0	3.439
2212.	394.1	3.425
2213.	394.3	3.412
2214.	394.5	3.399
2215.	394.7	3.385
2216.	395.0	3.372
2217.	395.1	3.359
2218.	395.3	3.346
2219.	395.4	3.333
2220.	395.6	3.319
2221.	395.8	3.306
2222.	395.9	3.292
2223.	396.2	3.278
2224.	396.3	3.265
2225.	396.5	3.252
2226.	396.7	3.238
2227.	396.8	3.224
2228.	397.0	3.210
2229.	397.2	3.196
2230.	397.3	3.182
2231.	397.5	3.168
2232.	397.7	3.154
2233.	397.8	3.140
2234.	398.0	3.126
2235.	398.2	3.112
2236.	398.4	3.098
2237.	398.6	3.084
2238.	398.7	3.070
2239.	398.9	3.056
2240.	399.0	3.041
2241.	399.3	3.027
2242.	399.4	3.011
2243.	399.5	2.997
2244.	399.7	2.983
2245.	399.9	2.969
2246.	400.1	2.955
2247.	400.2	2.941
2248.	400.3	2.927
2249.	400.5	2.913
2250.	400.7	2.899
2251.	400.9	2.884
2252.	401.0	2.870
2253.	401.2	2.856
2254.	401.3	2.842
2255.	401.5	2.829
2256.	401.7	2.814
2257.	401.9	2.800
2258.	402.0	2.786
2259.	402.2	2.773
2260.	402.3	2.759
2261.	402.4	2.745
2262.	402.7	2.732
2263.	402.8	2.718
2264.	403.0	2.705
2265.	403.1	2.691
2266.	403.3	2.677
2267.	403.5	2.664
2268.	403.6	2.651
2269.	403.7	2.638
2270.	403.9	2.625
2271.	404.1	2.612
2272.	404.2	2.599
2273.	404.4	2.586
2274.	404.5	2.573
2275.	404.7	2.560
2276.	404.8	2.547
2277.	405.0	2.534
2278.	405.1	2.522
2279.	405.3	2.509
2280.	405.5	2.496
2281.	405.7	2.484
2282.	405.8	2.470
2283.	406.0	2.458
2284.	406.1	2.445
2285.	406.3	2.432
2286.	406.6	2.420
2287.	406.7	2.407
2288.	406.9	2.395
2289.	407.2	2.382
2290.	407.2	2.370
2291.	407.3	2.357
2292.	407.5	2.345
2293.	407.7	2.332
2294.	407.9	2.320
2295.	408.1	2.308
2296.	408.3	2.295
2297.	408.5	2.282
2298.	408.7	2.271
2299.	408.8	2.259
2300.	409.0	2.246
2301.	409.2	2.234
2302.	409.3	2.222
2303.	409.5	2.210
2304.	409.6	2.198
2305.	409.8	2.186
2306.	410.0	2.174
2307.	410.1	2.162
2308.	410.3	2.150
2309.	410.6	2.138
2310.	410.7	2.127
2311.	410.9	2.114
2312.	411.0	2.102
2313.	411.2	2.091
2314.	411.3	2.079
2315.	411.5	2.067
2316.	411.6	2.056
2317.	411.9	2.044
2318.	412.1	2.033
2319.	412.2	2.021
2320.	412.4	2.009
2321.	412.5	1.999
2322.	412.7	1.987
2323.	412.9	1.976
2324.	413.1	1.965
2325.	413.2	1.954
2326.	413.3	1.943
2327.	413.5	1.932
2328.	413.7	1.920
2329.	413.9	1.909
2330.	414.0	1.898
2331.	414.1	1.887
2332.	414.3	1.875
2333.	414.4	1.865
2334.	414.6	1.853
2335.	414.7	1.843
2336.	414.8	1.832
2337.	415.1	1.822
2338.	415.2	1.811
2339.	415.4	1.801
2340.	415.6	1.790
2341.	415.7	1.780
2342.	415.8	1.769
2343.	416.1	1.758
2344.	416.1	1.748
2345.	416.3	1.738
2346.	416.5	1.728
2347.	416.7	1.718
2348.	416.8	1.707
2349.	417.0	1.697
2350.	417.2	1.687
2351.	417.4	1.677
2352.	417.6	1.666
2353.	417.7	1.656
2354.	417.9	1.646
2355.	418.1	1.636
2356.	418.2	1.626
2357.	418.4	1.616
2358.	418.6	1.606
2359.	418.7	1.596
2360.	418.8	1.586
2361.	419.0	1.576
2362.	419.2	1.566
2363.	419.4	1.556
2364.	419.5	1.546
2365.	419.7	1.536
2366.	419.9	1.526
2367.	420.1	1.517
2368.	420.2	1.507
2369.	420.4	1.497
2370.	420.6	1.487
2371.	420.7	1.478
2372.	420.9	1.468
2373.	421.0	1.459
2374.	421.2	1.449
2375.	421.4	1.440
2376.	421.6	1.430
2377.	421.8	1.421
2378.	421.9	1.412
2379.	422.1	1.403
2380.	422.3	1.393
2381.	422.5	1.384
2382.	422.7	1.375
2383.	422.9	1.366
2384.	423.1	1.357
2385.	423.2	1.349
2386.	423.4	1.340
2387.	423.6	1.331
2388.	423.8	1.322
2389.	423.9	1.314
2390.	424.1	1.305
2391.	424.3	1.297
2392.	424.5	1.288
2393.	424.7	1.279
2394.	424.8	1.271
2395.	425.0	1.263
2396.	425.2	1.255
2397.	425.3	1.247
2398.	425.5	1.239
2399.	425.6	1.231
2400.	425.8	1.224
2401.	426.0	1.215
2402.	426.1	1.208
2403.	426.3	1.201
2404.	426.5	1.193
2405.	426.7	1.186
2406.	426.8	1.179
2407.	427.0	1.171
2408.	427.1	1.164
2409.	427.3	1.156
2410.	427.4	1.149
2411.	427.6	1.142
2412.	427.8	1.135
2413.	427.9	1.128
2414.	428.2	1.122
2415.	428.3	1.115
2416.	428.6	1.109
2417.	428.7	1.102
2418.	428.9	1.095
2419.	429.1	1.089
2420.	429.2	1.082
2421.	429.2	1.076
2422.	429.4	1.070
2423.	429.5	1.064
2424.	429.6	1.058
2425.	429.7	1.053
2426.	429.8	1.047
2427.	429.9	1.040
2428.	430.1	1.035
2429.	430.3	1.029
2430.	430.4	1.024
2431.	430.5	1.019
2432.	430.6	1.013
2433.	430.7	1.008
2434.	430.9	1.002
2435.	431.0	0.9969
2436.	431.1	0.9915
2437.	431.3	0.9862
2438.	431.5	0.9811
2439.	431.6	0.9754
2440.	431.7	0.9704
2441.	431.9	0.9652
2442.	432.0	0.9603
2443.	432.2	0.9552
2444.	432.4	0.9501
2445.	432.5	0.9453
2446.	432.7	0.9405
2447.	432.9	0.9351
2448.	433.1	0.9302
2449.	433.4	0.9254
2450.	433.5	0.9210
2451.	433.7	0.9162
2452.	433.9	0.9117
2453.	434.0	0.9074
2454.	434.3	0.9032
2455.	434.4	0.8988
2456.	434.7	0.8945
2457.	434.9	0.8904
2458.	435.1	0.8866
2459.	435.3	0.8826
2460.	435.5	0.8788
2461.	435.6	0.8750
2462.	435.8	0.8711
2463.	435.9	0.8673
2464.	436.1	0.8641
2465.	436.3	0.8607
2466.	436.5	0.8570
2467.	436.7	0.8537
2468.	436.8	0.8501
2469.	437.1	0.8470
2470.	437.3	0.8442
2471.	437.4	0.8408
2472.	437.5	0.8378
2473.	437.7	0.8350
2474.	437.8	0.8320
2475.	438.0	0.8293
2476.	438.1	0.8266
2477.	438.3	0.8242
2478.	438.4	0.8218
2479.	438.5	0.8191
2480.	438.8	0.8167
2481.	438.9	0.8145
2482.	439.0	0.8119
2483.	439.2	0.8098
2484.	439.3	0.8074
2485.	439.5	0.8054
2486.	439.8	0.8033
2487.	439.9	0.8012
2488.	440.0	0.7991
2489.	440.2	0.7970
2490.	440.3	0.7948
2491.	440.5	0.7931
2492.	440.6	0.7911
2493.	440.8	0.7892
2494.	441.0	0.7876
2495.	441.2	0.7857
2496.	441.3	0.7837
2497.	441.5	0.7822
2498.	441.7	0.7806
2499.	441.9	0.7787
2500.	442.0	0.7771
2501.	442.3	0.7752
2502.	442.4	0.7735
2503.	442.6	0.7720
2504.	442.8	0.7706
2505.	442.9	0.7690
2506.	443.1	0.7679
2507.	443.3	0.7662
2508.	443.5	0.7647
2509.	443.7	0.7633
2510.	443.8	0.7617
2511.	444.0	0.7603
2512.	444.2	0.7586
2513.	444.4	0.7573
2514.	444.6	0.7557
2515.	444.8	0.7544
2516.	444.9	0.7532
2517.	445.1	0.7518
2518.	445.2	0.7505
2519.	445.5	0.7486
2520.	445.8	0.7470
2521.	445.9	0.7458
2522.	446.1	0.7446
2523.	446.2	0.7434
2524.	446.4	0.7423
2525.	446.5	0.7413
2526.	446.7	0.7401
2527.	446.8	0.7390
2528.	447.0	0.7376
2529.	447.1	0.7365
2530.	447.3	0.7353
2531.	447.3	0.7342
2532.	447.5	0.7330
2533.	447.7	0.7323
2534.	447.9	0.7312
2535.	448.0	0.7301
2536.	448.1	0.7293
2537.	448.2	0.7286
2538.	448.4	0.7278
2539.	448.5	0.7269
2540.	448.7	0.7256
2541.	448.9	0.7249
2542.	449.1	0.7242
2543.	449.2	0.7233
2544.	449.4	0.7225
2545.	449.5	0.7216
2546.	449.6	0.7207
2547.	449.8	0.7199
2548.	450.0	0.7192
2549.	450.2	0.7184
2550.	450.4	0.7172
2551.	450.6	0.7166
2552.	450.7	0.7157
2553.	450.9	0.7150
2554.	451.0	0.7143
2555.	451.2	0.7133
2556.	451.4	0.7128
2557.	451.5	0.7116
2558.	451.8	0.7110
2559.	452.0	0.7105
2560.	452.2	0.7097
2561.	452.4	0.7088
2562.	452.6	0.7081
2563.	452.7	0.7076
2564.	452.9	0.7068
2565.	453.1	0.7060
2566.	453.2	0.7055
2567.	453.4	0.7048
2568.	453.6	0.7043
2569.	453.7	0.7034
2570.	453.9	0.7028
2571.	454.0	0.7023
2572.	454.2	0.7015
2573.	454.4	0.7010
2574.	454.5	0.7004
2575.	454.7	0.6999
2576.	454.9	0.6991
2577.	455.0	0.6987
2578.	455.1	0.6979
2579.	455.3	0.6972
2580.	455.5	0.6967
2581.	455.6	0.6963
2582.	455.8	0.6958
2583.	455.9	0.6953
2584.	456.1	0.6948
2585.	456.3	0.6942
2586.	456.4	0.6937
2587.	456.6	0.6932
2588.	456.8	0.6924
2589.	456.9	0.6918
2590.	457.1	0.6914
2591.	457.2	0.6910
2592.	457.4	0.6905
2593.	457.5	0.6903
2594.	457.7	0.6893
2595.	458.0	0.6891
2596.	458.1	0.6887
2597.	458.2	0.6881
2598.	458.4	0.6874
2599.	458.6	0.6869
2600.	458.8	0.6866
2601.	458.9	0.6863
2602.	459.1	0.6859
2603.	459.3	0.6856
2604.	459.5	0.6851
2605.	459.6	0.6846
2606.	459.8	0.6841
2607.	459.9	0.6839
2608.	460.2	0.6836
2609.	460.3	0.6829
2610.	460.5	0.6828
2611.	460.7	0.6822
2612.	460.8	0.6819
2613.	461.0	0.6817
2614.	461.1	0.6814
2615.	461.2	0.6808
2616.	461.4	0.6805
2617.	461.6	0.6800
2618.	461.7	0.6795
2619.	462.0	0.6791
2620.	462.2	0.6788
2621.	462.4	0.6784
2622.	462.6	0.6781
2623.	462.8	0.6779
2624.	462.9	0.6773
2625.	463.1	0.6771
2626.	463.2	0.6767
2627.	463.4	0.6764
2628.	463.6	0.6760
2629.	463.7	0.6756
2630.	463.9	0.6754
2631.	464.1	0.6753
2632.	464.2	0.6746
2633.	464.3	0.6746
2634.	464.5	0.6743
2635.	464.7	0.6741
2636.	464.8	0.6735
2637.	465.0	0.6732
2638.	465.1	0.6728
2639.	465.3	0.6724
2640.	465.4	0.6723
2641.	465.6	0.6721
2642.	465.7	0.6719
2643.	465.9	0.6717
2644.	466.0	0.6714
2645.	466.2	0.6713
2646.	466.3	0.6708
2647.	466.5	0.6706
2648.	466.7	0.6705
2649.	466.8	0.6700
2650.	467.1	0.6697
2651.	467.2	0.6696
2652.	467.3	0.6694
2653.	467.5	0.6688
2654.	467.7	0.6686
2655.	467.9	0.6683
2656.	468.0	0.6683
2657.	468.2	0.6680
2658.	468.4	0.6676
2659.	468.6	0.6676
2660.	468.8	0.6673
2661.	468.9	0.6671
2662.	469.1	0.6669
2663.	469.2	0.6666
2664.	469.4	0.6662
2665.	469.6	0.6660
2666.	469.8	0.6656
2667.	470.0	0.6655
2668.	470.1	0.6652
2669.	470.2	0.6650
2670.	470.4	0.6646
2671.	470.6	0.6646
2672.	470.8	0.6640
2673.	471.0	0.6637
2674.	471.2	0.6636
2675.	471.3	0.6632
2676.	471.4	0.6629
2677.	471.6	0.6628
2678.	471.8	0.6625
2679.	471.9	0.6623
2680.	472.1	0.6622
2681.	472.2	0.6618
2682.	472.4	0.6617
2683.	472.5	0.6618
2684.	472.7	0.6613
2685.	472.9	0.6609
2686.	473.1	0.6607
2687.	473.2	0.6605
2688.	473.4	0.6604
2689.	473.4	0.6602
2690.	473.6	0.6600
2691.	473.8	0.6598
2692.	473.9	0.6593
2693.	474.1	0.6592
2694.	474.3	0.6589
2695.	474.5	0.6588
2696.	474.6	0.6584
2697.	474.8	0.6582
2698.	474.9	0.6580
2699.	475.2	0.6577
2700.	475.3	0.6577
2701.	475.5	0.6576
2702.	475.7	0.6574
2703.	475.9	0.6571
2704.	476.1	0.6569
2705.	476.3	0.6566
2706.	476.5	0.6566
2707.	476.6	0.6563
2708.	476.8	0.6559
2709.	477.0	0.6557
2710.	477.1	0.6553
2711.	477.3	0.6552
2712.	477.5	0.6550
2713.	477.7	0.6548
2714.	477.9	0.6544
2715.	478.1	0.6540
2716.	478.2	0.6539
2717.	478.4	0.6536
2718.	478.5	0.6533
2719.	478.7	0.6532
2720.	478.9	0.6531
2721.	479.1	0.6530
2722.	479.3	0.6527
2723.	479.4	0.6525
2724.	479.6	0.6523
2725.	479.8	0.6520
2726.	479.9	0.6519
2727.	480.1	0.6518
2728.	480.2	0.6514
2729.	480.3	0.6511
2730.	480.5	0.6510
2731.	480.7	0.6507
2732.	480.8	0.6505
2733.	481.0	0.6504
2734.	481.2	0.6502
2735.	481.3	0.6502
2736.	481.4	0.6499
2737.	481.6	0.6495
2738.	481.8	0.6495
2739.	481.9	0.6490
2740.	482.1	0.6488
2741.	482.3	0.6488
2742.	482.4	0.6486
2743.	482.5	0.6483
2744.	482.6	0.6481
2745.	482.8	0.6479
2746.	483.0	0.6478
2747.	483.2	0.6477
2748.	483.4	0.6474
2749.	483.5	0.6471
2750.	483.7	0.6470
2751.	483.8	0.6470
2752.	484.1	0.6463
2753.	484.3	0.6462
2754.	484.5	0.6461
2755.	484.7	0.6458
2756.	484.9	0.6454
2757.	485.0	0.6453
2758.	485.2	0.6449
2759.	485.4	0.6450
2760.	485.5	0.6447
2761.	485.6	0.6446
2762.	485.8	0.6444
2763.	485.9	0.6443
2764.	486.1	0.6445
2765.	486.3	0.6444
2766.	486.5	0.6439
2767.	486.7	0.6438
2768.	486.8	0.6434
2769.	487.0	0.6433
2770.	487.2	0.6432
2771.	487.3	0.6432
2772.	487.5	0.6430
2773.	487.7	0.6427
2774.	487.8	0.6424
2775.	487.9	0.6421
2776.	488.1	0.6417
2777.	488.2	0.6414
2778.	488.4	0.6415
2779.	488.5	0.6411
2780.	488.7	0.6407
2781.	488.8	0.6406
2782.	489.0	0.6403
2783.	489.2	0.6402
2784.	489.4	0.6399
2785.	489.5	0.6397
2786.	489.7	0.6394
2787.	489.9	0.6393
2788.	490.0	0.6390
2789.	490.2	0.6388
2790.	490.3	0.6387
2791.	490.4	0.6385
2792.	490.6	0.6385
2793.	490.8	0.6383
2794.	491.0	0.6380
2795.	491.1	0.6377
2796.	491.3	0.6375
2797.	491.4	0.6375
2798.	491.7	0.6372
2799.	491.8	0.6367
2800.	491.9	0.6365
2801.	492.1	0.6364
2802.	492.3	0.6361
2803.	492.4	0.6359
2804.	492.6	0.6357
2805.	492.7	0.6354
2806.	492.9	0.6352
2807.	493.1	0.6348
2808.	493.3	0.6344
2809.	493.5	0.6344
2810.	493.7	0.6342
2811.	493.9	0.6340
2812.	494.1	0.6340
2813.	494.3	0.6337
2814.	494.5	0.6336
2815.	494.6	0.6332
2816.	494.8	0.6330
2817.	495.0	0.6330
2818.	495.1	0.6327
2819.	495.3	0.6327
2820.	495.4	0.6322
2821.	495.6	0.6323
2822.	495.7	0.6319
2823.	495.9	0.6318
2824.	496.0	0.6316
2825.	496.2	0.6316
2826.	496.3	0.6311
2827.	496.5	0.6310
2828.	496.7	0.6306
2829.	496.8	0.6304
2830.	497.1	0.6303
2831.	497.2	0.6299
2832.	497.4	0.6297
2833.	497.5	0.6293
2834.	497.6	0.6292
2835.	497.8	0.6290
2836.	497.9	0.6289
2837.	498.0	0.6286
2838.	498.2	0.6281
2839.	498.5	0.6280
2840.	498.6	0.6276
2841.	498.8	0.6270
2842.	499.0	0.6270
2843.	499.1	0.6269
2844.	499.2	0.6266
2845.	499.3	0.6262
2846.	499.6	0.6260
2847.	499.8	0.6259
2848.	500.0	0.6256
2849.	500.2	0.6250
2850.	500.4	0.6250
2851.	500.5	0.6248
2852.	500.7	0.6246
2853.	500.9	0.6243
2854.	501.0	0.6241
2855.	501.2	0.6241
2856.	501.4	0.6238
2857.	501.5	0.6235
2858.	501.6	0.6233
2859.	501.9	0.6232
2860.	502.1	0.6229
2861.	502.2	0.6224
2862.	502.4	0.6223
2863.	502.5	0.6223
2864.	502.7	0.6219
2865.	502.9	0.6216
2866.	503.1	0.6213
2867.	503.3	0.6211
2868.	503.4	0.6207
2869.	503.6	0.6206
2870.	503.7	0.6199
2871.	503.8	0.6201
2872.	504.1	0.6200
2873.	504.3	0.6196
2874.	504.4	0.6195
2875.	504.6	0.6191
2876.	504.7	0.6191
2877.	504.9	0.6188
2878.	505.0	0.6188
2879.	505.2	0.6187
2880.	505.3	0.6183
2881.	505.5	0.6180
2882.	505.7	0.6179
2883.	505.8	0.6176
2884.	506.0	0.6172
2885.	506.1	0.6169
2886.	506.3	0.6167
2887.	506.4	0.6165
2888.	506.6	0.6161
2889.	506.7	0.6161
2890.	506.9	0.6155
2891.	507.2	0.6151
2892.	507.2	0.6150
2893.	507.4	0.6148
2894.	507.6	0.6147
2895.	507.8	0.6146
2896.	508.0	0.6144
2897.	508.1	0.6142
2898.	508.3	0.6141
2899.	508.4	0.6138
2900.	508.7	0.6136
2901.	508.8	0.6134
2902.	509.0	0.6132
2903.	509.2	0.6128
2904.	509.3	0.6128
2905.	509.4	0.6124
2906.	509.6	0.6123
2907.	509.8	0.6123
2908.	510.0	0.6122
2909.	510.2	0.6118
2910.	510.4	0.6115
2911.	510.6	0.6112
2912.	510.7	0.6107
2913.	510.9	0.6107
2914.	511.1	0.6105
2915.	511.3	0.6101
2916.	511.5	0.6099
2917.	511.7	0.6094
2918.	511.8	0.6091
2919.	512.0	0.6089
2920.	512.2	0.6086
2921.	512.3	0.6082
2922.	512.5	0.6081
2923.	512.6	0.6075
2924.	512.8	0.6074
2925.	512.9	0.6070
2926.	513.1	0.6068
2927.	513.3	0.6068
2928.	513.5	0.6064
2929.	513.6	0.6062
2930.	513.8	0.6057
2931.	514.0	0.6056
2932.	514.1	0.6052
2933.	514.3	0.6051
2934.	514.5	0.6049
2935.	514.6	0.6045
2936.	514.8	0.6043
2937.	515.0	0.6037
2938.	515.2	0.6035
2939.	515.2	0.6033
2940.	515.5	0.6029
2941.	515.6	0.6029
2942.	515.8	0.6023
2943.	515.9	0.6021
2944.	516.1	0.6018
2945.	516.3	0.6016
2946.	516.4	0.6012
2947.	516.6	0.6007
2948.	516.7	0.6004
2949.	516.9	0.6003
2950.	517.1	0.6001
2951.	517.3	0.5997
2952.	517.4	0.5996
2953.	517.6	0.5993
2954.	517.8	0.5987
2955.	517.9	0.5985
2956.	518.0	0.5980
2957.	518.2	0.5980
2958.	518.4	0.5978
2959.	518.6	0.5977
2960.	518.7	0.5974
2961.	518.9	0.5971
2962.	519.0	0.5967
2963.	519.2	0.5963
2964.	519.4	0.5961
2965.	519.6	0.5958
2966.	519.8	0.5956
2967.	519.9	0.5955
2968.	520.0	0.5951
2969.	520.2	0.5949
2970.	520.3	0.5944
2971.	520.6	0.5942
2972.	520.8	0.5937
2973.	521.0	0.5935
2974.	521.1	0.5934
2975.	521.2	0.5928
2976.	521.5	0.5923
2977.	521.6	0.5918
2978.	521.7	0.5913
2979.	521.9	0.5907
2980.	522.1	0.5905
2981.	522.4	0.5905
2982.	522.5	0.5901
2983.	522.7	0.5899
2984.	522.8	0.5894
2985.	523.0	0.5892
2986.	523.1	0.5886
2987.	523.3	0.5883
2988.	523.4	0.5880
2989.	523.6	0.5875
2990.	523.7	0.5872
2991.	523.9	0.5869
2992.	524.0	0.5864
2993.	524.1	0.5861
2994.	524.2	0.5859
2995.	524.5	0.5855
2996.	524.6	0.5851
2997.	524.8	0.5848
2998.	524.9	0.5847
2999.	525.1	0.5840
3000.	525.2	0.5834
3001.	525.4	0.5833
3002.	525.6	0.5830
3003.	525.7	0.5825
3004.	525.9	0.5821
3005.	526.1	0.5817
3006.	526.3	0.5813
3007.	526.4	0.5808
3008.	526.6	0.5806
3009.	526.8	0.5804
3010.	527.0	0.5801
3011.	527.1	0.5795
3012.	527.4	0.5791
3013.	527.6	0.5787
3014.	527.8	0.5784
3015.	528.1	0.5780
3016.	528.2	0.5775
3017.	528.3	0.5772
3018.	528.4	0.5767
3019.	528.6	0.5764
3020.	528.8	0.5758
3021.	528.9	0.5755
3022.	529.0	0.5754
3023.	529.2	0.5749
3024.	529.4	0.5745
3025.	529.6	0.5740
3026.	529.8	0.5736
3027.	529.9	0.5732
3028.	530.1	0.5730
3029.	530.2	0.5724
3030.	530.4	0.5718
3031.	530.6	0.5715
3032.	530.8	0.5710
3033.	531.0	0.5706
3034.	531.1	0.5700
3035.	531.2	0.5696
3036.	531.4	0.5691
3037.	531.6	0.5687
3038.	531.7	0.5682
3039.	531.8	0.5678
3040.	532.0	0.5672
3041.	532.2	0.5667
3042.	532.3	0.5663
3043.	532.5	0.5658
3044.	532.6	0.5654
3045.	532.8	0.5648
3046.	533.0	0.5644
3047.	533.2	0.5637
3048.	533.4	0.5633
3049.	533.5	0.5627
3050.	533.7	0.5622
3051.	533.8	0.5617
3052.	534.0	0.5612
3053.	534.1	0.5608
3054.	534.4	0.5603
3055.	534.6	0.5597
3056.	534.8	0.5591
3057.	535.0	0.5588
3058.	535.1	0.5583
3059.	535.2	0.5579
3060.	535.5	0.5575
3061.	535.7	0.5570
3062.	535.9	0.5566
3063.	536.1	0.5563
3064.	536.2	0.5559
3065.	536.4	0.5551
3066.	536.5	0.5549
3067.	536.7	0.5542
3068.	536.9	0.5536
3069.	537.0	0.5530
3070.	537.2	0.5525
3071.	537.4	0.5520
3072.	537.6	0.5514
3073.	537.7	0.5511
3074.	537.8	0.5505
3075.	538.0	0.5499
3076.	538.1	0.5492
3077.	538.3	0.5488
3078.	538.5	0.5480
3079.	538.6	0.5474
3080.	538.7	0.5469
3081.	538.8	0.5464
3082.	539.0	0.5460
3083.	539.2	0.5453
3084.	539.3	0.5448
3085.	539.5	0.5444
3086.	539.7	0.5439
3087.	539.9	0.5433
3088.	540.1	0.5427
3089.	540.2	0.5421
3090.	540.4	0.5415
3091.	540.5	0.5409
3092.	540.7	0.5403
3093.	540.9	0.5398
3094.	541.0	0.5393
3095.	541.2	0.5385
3096.	541.4	0.5379
3097.	541.6	0.5374
3098.	541.7	0.5369
3099.	541.9	0.5363
3100.	542.1	0.5356
3101.	542.2	0.5349
3102.	542.4	0.5345
3103.	542.5	0.5335
3104.	542.8	0.5330
3105.	542.9	0.5328
3106.	543.1	0.5321
3107.	543.2	0.5316
3108.	543.4	0.5307
3109.	543.6	0.5303
3110.	543.7	0.5296
3111.	543.9	0.5290
3112.	544.1	0.5283
3113.	544.3	0.5278
3114.	544.5	0.5271
3115.	544.7	0.5264
3116.	544.9	0.5259
3117.	545.1	0.5250
3118.	545.2	0.5240
3119.	545.4	0.5235
3120.	545.7	0.5228
3121.	545.8	0.5223
3122.	546.0	0.5218
3123.	546.1	0.5210
3124.	546.3	0.5203
3125.	546.5	0.5198
3126.	546.7	0.5190
3127.	546.8	0.5184
3128.	546.9	0.5179
3129.	547.1	0.5175
3130.	547.2	0.5166
3131.	547.4	0.5158
3132.	547.5	0.5154
3133.	547.6	0.5146
3134.	547.8	0.5137
3135.	548.0	0.5130
3136.	548.1	0.5124
3137.	548.2	0.5117
3138.	548.4	0.5109
3139.	548.5	0.5104
3140.	548.7	0.5096
3141.	548.9	0.5087
3142.	549.0	0.5079
3143.	549.2	0.5070
3144.	549.4	0.5063
3145.	549.5	0.5056
3146.	549.7	0.5046
3147.	549.8	0.5039
3148.	550.0	0.5033
3149.	550.2	0.5024
3150.	550.4	0.5016
3151.	550.6	0.5009
3152.	550.8	0.5002
3153.	551.0	0.4994
3154.	551.2	0.4987
3155.	551.3	0.4978
3156.	551.5	0.4971
3157.	551.7	0.4963
3158.	551.9	0.4956
3159.	552.1	0.4947
3160.	552.2	0.4939
3161.	552.3	0.4930
3162.	552.5	0.4924
3163.	552.6	0.4913
3164.	552.7	0.4903
3165.	553.0	0.4894
3166.	553.2	0.4886
3167.	553.4	0.4879
3168.	553.5	0.4870
3169.	553.7	0.4862
3170.	553.9	0.4852
3171.	554.0	0.4844
3172.	554.2	0.4836
3173.	554.3	0.4826
3174.	554.5	0.4817
3175.	554.7	0.4808
3176.	554.8	0.4799
3177.	555.0	0.4793
3178.	555.1	0.4785
3179.	555.3	0.4777
3180.	555.4	0.4767
3181.	555.6	0.4757
3182.	555.8	0.4748
3183.	555.9	0.4739
3184.	556.2	0.4729
3185.	556.3	0.4720
3186.	556.5	0.4708
3187.	556.7	0.4699
3188.	556.8	0.4692
3189.	557.0	0.4681
3190.	557.2	0.4671
3191.	557.4	0.4660
3192.	557.5	0.4651
3193.	557.7	0.4641
3194.	557.8	0.4630
3195.	558.0	0.4623
3196.	558.2	0.4611
3197.	558.3	0.4602
3198.	558.5	0.4596
3199.	558.6	0.4584
3200.	558.8	0.4573
3201.	559.0	0.4561
3202.	559.1	0.4552
3203.	559.4	0.4542
3204.	559.5	0.4531
3205.	559.6	0.4524
3206.	559.7	0.4512
3207.	559.9	0.4499
3208.	560.1	0.4488
3209.	560.3	0.4478
3210.	560.5	0.4465
3211.	560.6	0.4457
3212.	560.8	0.4447
3213.	561.0	0.4435
3214.	561.1	0.4426
3215.	561.3	0.4414
3216.	561.4	0.4405
3217.	561.6	0.4392
3218.	561.7	0.4383
3219.	561.9	0.4369
3220.	562.1	0.4358
3221.	562.3	0.4348
3222.	562.4	0.4337
3223.	562.6	0.4323
3224.	562.8	0.4313
3225.	563.0	0.4301
3226.	563.2	0.4290
3227.	563.4	0.4279
3228.	563.6	0.4267
3229.	563.7	0.4260
3230.	563.9	0.4254
3231.	564.1	0.4242
3232.	564.3	0.4226
3233.	564.4	0.4216
3234.	564.6	0.4205
3235.	564.8	0.4193
3236.	565.0	0.4178
3237.	565.1	0.4168
3238.	565.2	0.4157
3239.	565.4	0.4145
3240.	565.5	0.4132
3241.	565.7	0.4120
3242.	565.9	0.4109
3243.	566.0	0.4097
3244.	566.1	0.4085
3245.	566.3	0.4076
3246.	566.5	0.4063
3247.	566.7	0.4051
3248.	566.8	0.4035
3249.	567.0	0.4028
3250.	567.1	0.4016
3251.	567.3	0.4005
3252.	567.4	0.3996
3253.	567.6	0.3989
3254.	567.8	0.3985
3255.	567.9	0.3976
3256.	568.1	0.3964
3257.	568.3	0.3949
3258.	568.4	0.3934
3259.	568.6	0.3921
3260.	568.7	0.3908
3261.	568.9	0.3894
3262.	569.0	0.3882
3263.	569.3	0.3870
3264.	569.5	0.3858
3265.	569.6	0.3841
3266.	569.7	0.3833
3267.	569.9	0.3823
3268.	570.1	0.3810
3269.	570.3	0.3800
3270.	570.4	0.3788
3271.	570.6	0.3779
3272.	570.7	0.3768
3273.	570.8	0.3758
3274.	571.0	0.3745
3275.	571.1	0.3733
3276.	571.3	0.3721
3277.	571.4	0.3713
3278.	571.7	0.3696
3279.	571.8	0.3689
3280.	572.0	0.3680
3281.	572.2	0.3670
3282.	572.4	0.3659
3283.	572.5	0.3647
3284.	572.6	0.3637
3285.	572.8	0.3625
3286.	573.0	0.3614
3287.	573.2	0.3603
3288.	573.4	0.3592
3289.	573.6	0.3579
3290.	573.8	0.3565
3291.	573.9	0.3551
3292.	574.1	0.3542
3293.	574.2	0.3531
3294.	574.4	0.3522
3295.	574.6	0.3510
3296.	574.7	0.3497
3297.	574.9	0.3491
3298.	575.1	0.3479
3299.	575.2	0.3466
3300.	575.4	0.3455
3301.	575.5	0.3447
3302.	575.7	0.3435
3303.	575.9	0.3427
3304.	576.0	0.3419
3305.	576.2	0.3406
3306.	576.3	0.3395
3307.	576.5	0.3381
3308.	576.8	0.3370
3309.	577.0	0.3356
3310.	577.0	0.3344
3311.	577.2	0.3333
3312.	577.4	0.3320
3313.	577.6	0.3305
3314.	577.8	0.3295
3315.	578.0	0.3282
3316.	578.1	0.3272
3317.	578.3	0.3259
3318.	578.4	0.3250
3319.	578.6	0.3239
3320.	578.8	0.3228
3321.	578.9	0.3213
3322.	579.1	0.3203
3323.	579.3	0.3191
3324.	579.4	0.3181
3325.	579.6	0.3169
3326.	579.8	0.3156
3327.	580.0	0.3145
3328.	580.2	0.3133
3329.	580.3	0.3117
3330.	580.5	0.3108
3331.	580.6	0.3094
3332.	580.8	0.3083
3333.	581.0	0.3066
3334.	581.1	0.3060
3335.	581.2	0.3046
3336.	581.4	0.3035
3337.	581.7	0.3021
3338.	581.8	0.3010
3339.	581.9	0.2998
3340.	582.0	0.2988
3341.	582.3	0.2975
3342.	582.4	0.2962
3343.	582.6	0.2949
3344.	582.7	0.2936
3345.	582.9	0.2919
3346.	583.1	0.2907
3347.	583.3	0.2895
3348.	583.5	0.2884
3349.	583.6	0.2873
3350.	583.7	0.2861
3351.	583.9	0.2849
3352.	584.0	0.2838
3353.	584.3	0.2825
3354.	584.5	0.2816
3355.	584.7	0.2802
3356.	584.8	0.2792
3357.	584.9	0.2777
3358.	585.1	0.2765
3359.	585.3	0.2751
3360.	585.5	0.2739
3361.	585.7	0.2726
3362.	585.9	0.2715
3363.	586.0	0.2703
3364.	586.1	0.2689
3365.	586.3	0.2679
3366.	586.4	0.2666
3367.	586.6	0.2656
3368.	586.8	0.2649
3369.	587.0	0.2637
3370.	587.1	0.2628
3371.	587.2	0.2615
3372.	587.3	0.2601
3373.	587.5	0.2587
3374.	587.6	0.2573
3375.	587.8	0.2557
3376.	588.0	0.2546
3377.	588.2	0.2534
3378.	588.3	0.2522
3379.	588.6	0.2508
3380.	588.7	0.2494
3381.	588.9	0.2481
3382.	589.1	0.2466
3383.	589.2	0.2455
3384.	589.4	0.2440
3385.	589.6	0.2428
3386.	589.8	0.2415
3387.	589.9	0.2399
3388.	590.1	0.2388
3389.	590.3	0.2376
3390.	590.4	0.2363
3391.	590.6	0.2347
3392.	590.7	0.2337
3393.	590.9	0.2326
3394.	591.1	0.2312
3395.	591.3	0.2302
3396.	591.4	0.2292
3397.	591.6	0.2284
3398.	591.7	0.2271
3399.	591.8	0.2258
3400.	592.1	0.2247
3401.	592.2	0.2241
3402.	592.4	0.2229
3403.	592.6	0.2216
3404.	592.8	0.2202
3405.	592.9	0.2188
3406.	593.1	0.2175
3407.	593.3	0.2163
3408.	593.5	0.2151
3409.	593.6	0.2143
3410.	593.9	0.2127
3411.	593.9	0.2112
3412.	594.1	0.2100
3413.	594.3	0.2090
3414.	594.5	0.2078
3415.	594.6	0.2066
3416.	594.8	0.2054
3417.	595.0	0.2044
3418.	595.0	0.2029
3419.	595.2	0.2017
3420.	595.4	0.2006
3421.	595.5	0.1996
3422.	595.7	0.1982
3423.	595.8	0.1969
3424.	596.0	0.1958
3425.	596.2	0.1944
3426.	596.3	0.1931
3427.	596.5	0.1914
3428.	596.7	0.1905
3429.	597.0	0.1897
3430.	597.2	0.1888
3431.	597.3	0.1877
3432.	597.5	0.1862
3433.	597.7	0.1852
3434.	597.8	0.1843
3435.	598.0	0.1832
3436.	598.2	0.1824
3437.	598.4	0.1809
3438.	598.5	0.1797
3439.	598.7	0.1785
3440.	598.9	0.1772
3441.	599.0	0.1763
3442.	599.2	0.1754
3443.	599.3	0.1745
3444.	599.5	0.1736
3445.	599.6	0.1723
3446.	599.8	0.1713
3447.	599.9	0.1704
3448.	600.1	0.1693
3449.	600.2	0.1681
3450.	600.4	0.1670
3451.	600.5	0.1659
3452.	600.6	0.1644
3453.	600.8	0.1631
3454.	601.0	0.1619
3455.	601.1	0.1610
3456.	601.3	0.1599
3457.	601.4	0.1590
3458.	601.6	0.1582
3459.	601.8	0.1570
3460.	602.0	0.1561
3461.	602.2	0.1551
3462.	602.4	0.1543
3463.	602.5	0.1529
3464.	602.7	0.1524
3465.	602.8	0.1517
3466.	603.0	0.1506
3467.	603.1	0.1493
3468.	603.3	0.1478
3469.	603.5	0.1470
3470.	603.7	0.1461
3471.	603.9	0.1455
3472.	604.0	0.1448
3473.	604.2	0.1442
3474.	604.4	0.1433
3475.	604.7	0.1420
3476.	604.8	0.1410
3477.	605.0	0.1405
3478.	605.1	0.1393
3479.	605.3	0.1385
3480.	605.5	0.1378
3481.	605.6	0.1375
3482.	605.9	0.1367
3483.	606.0	0.1358
3484.	606.1	0.1351
3485.	606.3	0.1345
3486.	606.4	0.1336
3487.	606.6	0.1334
3488.	606.7	0.1327
3489.	606.9	0.1316
3490.	607.1	0.1303
3491.	607.2	0.1298
3492.	607.4	0.1290
3493.	607.6	0.1281
3494.	607.8	0.1276
3495.	608.0	0.1269
3496.	608.1	0.1265
3497.	608.2	0.1257
3498.	608.3	0.1252
3499.	608.5	0.1247
3500.	608.7	0.1242
3501.	608.9	0.1237
3502.	609.0	0.1231
3503.	609.2	0.1222
3504.	609.3	0.1213
3505.	609.5	0.1207
3506.	609.6	0.1196
3507.	609.9	0.1193
3508.	610.0	0.1190
3509.	610.2	0.1188
3510.	610.3	0.1186
3511.	610.4	0.1184
3512.	610.5	0.1181
3513.	610.7	0.1177
3514.	610.9	0.1175
3515.	611.1	0.1170
3516.	611.2	0.1166
3517.	611.4	0.1162
3518.	611.6	0.1159
3519.	611.7	0.1158
3520.	611.9	0.1155
3521.	612.2	0.1150
3522.	612.3	0.1145
3523.	612.5	0.1143
3524.	612.7	0.1141
3525.	612.9	0.1137
3526.	613.0	0.1131
3527.	613.2	0.1125
3528.	613.4	0.1118
3529.	613.5	0.1114
3530.	613.8	0.1110
3531.	613.9	0.1106
3532.	614.1	0.1102
3533.	614.2	0.1099
3534.	614.5	0.1096
3535.	614.7	0.1092
3536.	614.8	0.1091
3537.	615.0	0.1089
3538.	615.2	0.1088
3539.	615.4	0.1084
3540.	615.5	0.1078
3541.	615.7	0.1079
3542.	615.8	0.1074
3543.	616.0	0.1071
3544.	616.1	0.1068
3545.	616.3	0.1066
3546.	616.4	0.1063
3547.	616.5	0.1061
3548.	616.8	0.1059
3549.	616.8	0.1060
3550.	617.0	0.1055
3551.	617.2	0.1054
3552.	617.3	0.1051
3553.	617.5	0.1051
3554.	617.6	0.1049
3555.	617.8	0.1048
3556.	618.0	0.1046
3557.	618.2	0.1046
3558.	618.3	0.1045
3559.	618.5	0.1043
3560.	618.6	0.1043
3561.	618.8	0.1039
3562.	618.9	0.1039
3563.	619.1	0.1038
3564.	619.3	0.1038
3565.	619.5	0.1039
3566.	619.6	0.1038
3567.	619.8	0.1039
3568.	620.0	0.1036
3569.	620.2	0.1035
3570.	620.3	0.1038
3571.	620.5	0.1041
3572.	620.7	0.1048
3573.	620.9	0.1047
3574.	621.1	0.1045
3575.	621.3	0.1044
3576.	621.5	0.1041
3577.	621.6	0.1040
3578.	621.8	0.1039
3579.	622.0	0.1037
3580.	622.2	0.1034
3581.	622.3	0.1030
3582.	622.5	0.1026
3583.	622.7	0.1024
3584.	622.8	0.1020
3585.	623.0	0.1020
3586.	623.2	0.1022
3587.	623.3	0.1019
3588.	623.5	0.1017
3589.	623.6	0.1016
3590.	623.8	0.1016
3591.	623.9	0.1015
3592.	624.1	0.1014
3593.	624.3	0.1013
3594.	624.5	0.1011
3595.	624.7	0.1011
3596.	624.8	0.1011
3597.	625.0	0.1010
3598.	625.2	0.1011
3599.	625.3	0.1010
3600.	625.5	0.1008
3601.	625.6	0.1008
3602.	625.8	0.1007
3603.	625.9	0.1008
3604.	626.1	0.1010
3605.	626.3	0.1010
3606.	626.4	0.1013
3607.	626.6	0.1014
3608.	626.8	0.1014
3609.	626.9	0.1013
3610.	627.1	0.1015
3611.	627.3	0.1015
3612.	627.4	0.1012
3613.	627.5	0.1014
3614.	627.6	0.1013
3615.	627.8	0.1012
3616.	628.0	0.1009
3617.	628.1	0.1008
3618.	628.2	0.1008
3619.	628.4	0.1004
3620.	628.7	0.1004
3621.	628.8	0.1003
3622.	629.0	0.1005
3623.	629.2	0.1001
3624.	629.4	0.1002
3625.	629.5	0.1001
3626.	629.7	0.1001
3627.	629.8	0.09997
3628.	630.0	0.1002
3629.	630.2	0.1003
3630.	630.4	0.1003
3631.	630.6	0.1003
3632.	630.7	0.1003
3633.	630.9	0.1002
3634.	631.0	0.1002
3635.	631.2	0.1002
3636.	631.4	0.1000
3637.	631.5	0.1002
3638.	631.7	0.1001
3639.	631.9	0.09997
3640.	632.1	0.09996
3641.	632.4	0.1000
3642.	632.6	0.09993
3643.	632.7	0.1000
3644.	632.8	0.1000
3645.	633.0	0.09980
3646.	633.2	0.09984
3647.	633.3	0.09986
3648.	633.4	0.09966
3649.	633.6	0.09968
3650.	633.7	0.09968
3651.	633.9	0.09968
3652.	634.1	0.09986
3653.	634.2	0.09989
3654.	634.4	0.09977
3655.	634.5	0.09977
3656.	634.7	0.09978
3657.	634.9	0.09970
3658.	635.0	0.09980
3659.	635.1	0.09975
3660.	635.3	0.09974
3661.	635.5	0.09958
3662.	635.7	0.09983
3663.	635.8	0.09976
3664.	636.0	0.09993
3665.	636.1	0.09990
3666.	636.3	0.09996
3667.	636.5	0.09983
3668.	636.7	0.09968
3669.	636.8	0.09980
3670.	637.0	0.09980
3671.	637.2	0.09986
3672.	637.4	0.09965
3673.	637.6	0.09959
3674.	637.8	0.09959
3675.	638.0	0.09942
3676.	638.1	0.09935
3677.	638.3	0.09938
3678.	638.4	0.09929
3679.	638.6	0.09938
3680.	638.9	0.09926
3681.	639.1	0.09927
3682.	639.2	0.09926
3683.	639.5	0.09938
3684.	639.5	0.09953
3685.	639.7	0.09958
3686.	639.9	0.09932
3687.	640.0	0.09952
3688.	640.2	0.09951
3689.	640.3	0.09947
3690.	640.5	0.09941
3691.	640.7	0.09936
3692.	640.9	0.09953
3693.	641.0	0.09944
3694.	641.2	0.09947
3695.	641.4	0.09946
3696.	641.5	0.09956
3697.	641.7	0.09941
3698.	641.8	0.09954
3699.	642.0	0.09959
3700.	642.2	0.09965
3701.	642.4	0.09988
3702.	642.5	0.09968
3703.	642.7	0.09950
3704.	642.8	0.09940
3705.	642.9	0.09934
3706.	643.1	0.09931
3707.	643.3	0.09924
3708.	643.5	0.09906
3709.	643.6	0.09898
3710.	643.9	0.09911
3711.	644.0	0.09896
3712.	644.2	0.09908
3713.	644.3	0.09921
3714.	644.5	0.09914
3715.	644.7	0.09914
3716.	644.8	0.09895
3717.	645.0	0.09889
3718.	645.2	0.09895
3719.	645.4	0.09886
3720.	645.6	0.09898
3721.	645.7	0.09900
3722.	645.9	0.09901
3723.	646.0	0.09897
3724.	646.2	0.09896
3725.	646.3	0.09896
3726.	646.5	0.09883
3727.	646.7	0.09868
3728.	646.9	0.09854
3729.	647.1	0.09876
3730.	647.2	0.09842
3731.	647.4	0.09825
3732.	647.6	0.09827
3733.	647.8	0.09862
3734.	647.9	0.09874
3735.	648.1	0.09873
3736.	648.2	0.09894
3737.	648.4	0.09914
3738.	648.5	0.09904
3739.	648.7	0.09901
3740.	648.8	0.09914
3741.	649.0	0.09894
3742.	649.2	0.09885
3743.	649.3	0.09883
3744.	649.5	0.09865
3745.	649.7	0.09868
3746.	649.9	0.09862
3747.	650.0	0.09868
3748.	650.2	0.09878
3749.	650.3	0.09865
3750.	650.5	0.09864
3751.	650.7	0.09858
3752.	650.9	0.09858
3753.	651.0	0.09868
3754.	651.3	0.09854
3755.	651.4	0.09846
3756.	651.6	0.09851
3757.	651.8	0.09835
3758.	652.0	0.09828
3759.	652.1	0.09826
3760.	652.3	0.09808
3761.	652.5	0.09810
3762.	652.7	0.09802
3763.	652.8	0.09825
3764.	653.0	0.09822
3765.	653.3	0.09831
3766.	653.4	0.09825
3767.	653.6	0.09835
3768.	653.8	0.09825
3769.	654.0	0.09807
3770.	654.1	0.09798
3771.	654.3	0.09829
3772.	654.5	0.09822
3773.	654.6	0.09799
3774.	654.8	0.09813
3775.	654.9	0.09797
3776.	655.1	0.09814
3777.	655.2	0.09829
3778.	655.4	0.09836
3779.	655.6	0.09824
3780.	655.7	0.09814
3781.	655.9	0.09816
3782.	656.0	0.09839
3783.	656.2	0.09824
3784.	656.4	0.09827
3785.	656.5	0.09842
3786.	656.7	0.09838
3787.	656.9	0.09850
3788.	657.0	0.09822
3789.	657.2	0.09838
3790.	657.4	0.09855
3791.	657.6	0.09847
3792.	657.7	0.09845
3793.	657.8	0.09842
3794.	658.0	0.09831
3795.	658.2	0.09845
3796.	658.4	0.09822
3797.	658.5	0.09825
3798.	658.7	0.09847
3799.	658.9	0.09856
3800.	659.1	0.09836
3801.	659.2	0.09854
3802.	659.4	0.09843
3803.	659.5	0.09833
3804.	659.7	0.09844
3805.	659.8	0.09835
3806.	659.9	0.09810
3807.	660.2	0.09842
3808.	660.3	0.09857
3809.	660.6	0.09850
3810.	660.8	0.09857
3811.	660.9	0.09866
3812.	661.1	0.09857
3813.	661.4	0.09872
3814.	661.5	0.09873
3815.	661.7	0.09879
3816.	661.9	0.09886
3817.	662.0	0.09886
3818.	662.1	0.09887
3819.	662.3	0.09850
3820.	662.5	0.09853
3821.	662.7	0.09840
3822.	662.9	0.09828
3823.	663.0	0.09844
3824.	663.2	0.09823
3825.	663.4	0.09819
3826.	663.5	0.09853
3827.	663.7	0.09855
3828.	663.8	0.09852
3829.	664.0	0.09835
3830.	664.1	0.09844
3831.	664.3	0.09865
3832.	664.4	0.09863
3833.	664.6	0.09827
3834.	664.8	0.09835
3835.	665.0	0.09831
3836.	665.1	0.09843
3837.	665.3	0.09852
3838.	665.4	0.09864
3839.	665.6	0.09868
3840.	665.8	0.09850
3841.	665.9	0.09857
3842.	666.1	0.09847
3843.	666.3	0.09827
3844.	666.4	0.09818
3845.	666.6	0.09800
3846.	666.7	0.09806
3847.	666.9	0.09808
3848.	667.0	0.09804
3849.	667.3	0.09791
3850.	667.4	0.09767
3851.	667.6	0.09795
3852.	667.8	0.09789
3853.	668.0	0.09787
3854.	668.1	0.09786
3855.	668.3	0.09798
3856.	668.5	0.09798
3857.	668.7	0.09780
3858.	668.8	0.09795
3859.	669.0	0.09784
3860.	669.2	0.09783
3861.	669.3	0.09791
3862.	669.5	0.09787
3863.	669.7	0.09810
3864.	669.8	0.09842
3865.	669.9	0.09856
3866.	670.1	0.09865
3867.	670.3	0.09883
3868.	670.5	0.09849
3869.	670.7	0.09829
3870.	670.9	0.09834
3871.	671.1	0.09825
3872.	671.3	0.09796
3873.	671.5	0.09782
3874.	671.6	0.09768
3875.	671.8	0.09782
3876.	672.0	0.09774
3877.	672.1	0.09767
3878.	672.3	0.09772
3879.	672.5	0.09786
3880.	672.6	0.09772
3881.	672.8	0.09758
3882.	672.9	0.09798
3883.	673.1	0.09804
3884.	673.2	0.09777
3885.	673.4	0.09780
3886.	673.5	0.09794
3887.	673.7	0.09800
3888.	673.8	0.09782
3889.	674.0	0.09788
3890.	674.1	0.09762
3891.	674.3	0.09795
3892.	674.4	0.09789
3893.	674.6	0.09795
3894.	674.8	0.09806
3895.	674.9	0.09790
3896.	675.1	0.09789
3897.	675.4	0.09848
3898.	675.5	0.09847
3899.	675.7	0.09826
3900.	675.9	0.09828
3901.	676.1	0.09847
3902.	676.2	0.09870
3903.	676.4	0.09865
3904.	676.6	0.09859
3905.	676.7	0.09838
3906.	676.9	0.09832
3907.	677.1	0.09831
3908.	677.2	0.09825
3909.	677.4	0.09791
3910.	677.6	0.09807
3911.	677.8	0.09833
3912.	677.9	0.09847
3913.	678.1	0.09832
3914.	678.3	0.09832
3915.	678.4	0.09844
3916.	678.6	0.09847
3917.	678.7	0.09828
3918.	678.9	0.09809
3919.	679.1	0.09833
3920.	679.3	0.09814
3921.	679.4	0.09819
3922.	679.6	0.09801
3923.	679.8	0.09817
3924.	679.9	0.09786
3925.	680.0	0.09783
3926.	680.2	0.09765
3927.	680.3	0.09771
3928.	680.6	0.09761
3929.	680.8	0.09770
3930.	681.0	0.09781
3931.	681.1	0.09773
3932.	681.3	0.09759
3933.	681.5	0.09783
3934.	681.7	0.09778
3935.	681.9	0.09773
3936.	682.0	0.09792
3937.	682.1	0.09816
3938.	682.3	0.09823
3939.	682.5	0.09818
3940.	682.7	0.09810
3941.	682.8	0.09815
3942.	683.0	0.09805
3943.	683.2	0.09815
3944.	683.4	0.09835
3945.	683.5	0.09832
3946.	683.7	0.09835
3947.	683.9	0.09843
3948.	684.1	0.09871
3949.	684.2	0.09869
3950.	684.3	0.09859
3951.	684.5	0.09856
3952.	684.6	0.09866
3953.	684.9	0.09879
3954.	685.0	0.09876
3955.	685.2	0.09892
3956.	685.4	0.09904
3957.	685.5	0.09910
3958.	685.6	0.09931
3959.	685.7	0.09928
3960.	686.0	0.09924
3961.	686.2	0.09923
3962.	686.3	0.09913
3963.	686.5	0.09914
3964.	686.6	0.09905
3965.	686.8	0.09897
3966.	686.9	0.09868
3967.	687.1	0.09873
3968.	687.3	0.09871
3969.	687.5	0.09883
3970.	687.7	0.09890
3971.	687.8	0.09889
3972.	688.0	0.09894
3973.	688.2	0.09877
3974.	688.5	0.09874
3975.	688.7	0.09871
3976.	688.7	0.09872
3977.	688.8	0.09865
3978.	689.0	0.09880
3979.	689.2	0.09868
3980.	689.4	0.09879
3981.	689.5	0.09867
3982.	689.6	0.09876
3983.	689.8	0.09880
3984.	690.0	0.09870
3985.	690.2	0.09868
3986.	690.4	0.09875
3987.	690.5	0.09866
3988.	690.7	0.09874
3989.	690.9	0.09883
3990.	691.0	0.09890
3991.	691.2	0.09898
3992.	691.4	0.09898
3993.	691.6	0.09906
3994.	691.7	0.09901
3995.	691.9	0.09895
3996.	692.1	0.09907
3997.	692.2	0.09908
3998.	692.4	0.09911
3999.	692.5	0.09912
4000.	692.7	0.09911
4001.	692.9	0.09895
4002.	693.0	0.09904
4003.	693.2	0.09903
4004.	693.4	0.09910
4005.	693.5	0.09907
4006.	693.7	0.09926
4007.	693.9	0.09922
4008.	694.0	0.09909
4009.	694.1	0.09906
4010.	694.4	0.09918
4011.	694.6	0.09933
4012.	694.8	0.09955
4013.	695.0	0.09937
4014.	695.1	0.09932
4015.	695.3	0.09955
4016.	695.5	0.09977
4017.	695.6	0.09961
4018.	695.7	0.09966
4019.	695.9	0.09980
4020.	696.0	0.09983
4021.	696.2	0.09992
4022.	696.4	0.09974
4023.	696.6	0.09964
4024.	696.7	0.09956
4025.	696.8	0.09956
4026.	697.1	0.09975
4027.	697.2	0.1000
4028.	697.4	0.1002
4029.	697.6	0.1002
4030.	697.8	0.1001
4031.	697.9	0.09992
4032.	698.1	0.09976
4033.	698.3	0.09976
4034.	698.5	0.1000
4035.	698.6	0.09977
4036.	698.8	0.09980
4037.	699.0	0.09980
4038.	699.1	0.09974
4039.	699.3	0.09991
4040.	699.4	0.1001
4041.	699.6	0.1006
4042.	699.7	0.1012
4043.	699.9	0.1015
4044.	700.0	0.1015
4045.	700.2	0.1013
4046.	700.4	0.1011
4047.	700.6	0.1008
4048.	700.7	0.1008
4049.	700.9	0.1008
4050.	701.0	0.1009
4051.	701.2	0.1011
4052.	701.4	0.1010
4053.	701.6	0.1010
4054.	701.8	0.1011
4055.	702.0	0.1012
4056.	702.1	0.1010
4057.	702.3	0.1012
4058.	702.4	0.1013
4059.	702.6	0.1013
4060.	702.7	0.1018
4061.	702.9	0.1019
4062.	703.1	0.1019
4063.	703.3	0.1019
4064.	703.5	0.1021
4065.	703.6	0.1017
4066.	703.8	0.1016
4067.	704.0	0.1017
4068.	704.1	0.1017
4069.	704.3	0.1014
4070.	704.5	0.1014
4071.	704.6	0.1013
4072.	704.8	0.1014
4073.	705.0	0.1015
4074.	705.1	0.1016
4075.	705.3	0.1018
4076.	705.4	0.1018
4077.	705.6	0.1018
4078.	705.8	0.1014
4079.	706.0	0.1014
4080.	706.1	0.1013
4081.	706.4	0.1013
4082.	706.5	0.1012
4083.	706.6	0.1013
4084.	706.8	0.1013
4085.	706.9	0.1012
4086.	707.1	0.1015
4087.	707.2	0.1014
4088.	707.4	0.1015
4089.	707.6	0.1014
4090.	707.8	0.1015
4091.	707.9	0.1016
4092.	708.1	0.1014
4093.	708.3	0.1015
4094.	708.5	0.1017
4095.	708.6	0.1017
4096.	708.8	0.1017
4097.	708.9	0.1017
4098.	709.1	0.1016
4099.	709.3	0.1015
4100.	709.5	0.1018
4101.	709.7	0.1016
4102.	709.9	0.1016
4103.	710.0	0.1020
4104.	710.2	0.1019
4105.	710.4	0.1021
4106.	710.5	0.1020
4107.	710.7	0.1020
4108.	710.9	0.1018
4109.	711.0	0.1017
4110.	711.1	0.1017
4111.	711.3	0.1021
4112.	711.5	0.1023
4113.	711.6	0.1019
4114.	711.8	0.1021
4115.	711.9	0.1022
4116.	712.1	0.1022
4117.	712.3	0.1026
4118.	712.5	0.1024
4119.	712.7	0.1023
4120.	712.8	0.1023
4121.	712.9	0.1024
4122.	713.2	0.1025
4123.	713.3	0.1023
4124.	713.5	0.1022
4125.	713.7	0.1023
4126.	713.9	0.1020
4127.	714.0	0.1020
4128.	714.2	0.1018
4129.	714.3	0.1019
4130.	714.4	0.1017
4131.	714.5	0.1018
4132.	714.8	0.1019
4133.	715.0	0.1021
4134.	715.1	0.1023
4135.	715.2	0.1025
4136.	715.4	0.1024
4137.	715.6	0.1026
4138.	715.8	0.1022
4139.	716.0	0.1023
4140.	716.2	0.1023
4141.	716.3	0.1023
4142.	716.5	0.1024
4143.	716.7	0.1025
4144.	716.9	0.1028
4145.	717.0	0.1028
4146.	717.2	0.1027
4147.	717.3	0.1028
4148.	717.5	0.1027
4149.	717.7	0.1028
4150.	717.9	0.1027
4151.	718.1	0.1024
4152.	718.3	0.1025
4153.	718.4	0.1025
4154.	718.6	0.1024
4155.	718.7	0.1027
4156.	718.9	0.1025
4157.	719.0	0.1026
4158.	719.2	0.1028
4159.	719.3	0.1026
4160.	719.5	0.1023
4161.	719.7	0.1025
4162.	719.9	0.1026
4163.	720.0	0.1024
4164.	720.2	0.1026
4165.	720.4	0.1025
4166.	720.5	0.1026
4167.	720.7	0.1028
4168.	720.9	0.1025
4169.	721.0	0.1026
4170.	721.2	0.1028
4171.	721.4	0.1027
4172.	721.5	0.1026
4173.	721.7	0.1024
4174.	721.9	0.1028
4175.	722.1	0.1028
4176.	722.2	0.1027
4177.	722.4	0.1027
4178.	722.5	0.1024
4179.	722.7	0.1026
4180.	722.9	0.1026
4181.	723.0	0.1031
4182.	723.2	0.1032
4183.	723.4	0.1032
4184.	723.6	0.1032
4185.	723.7	0.1033
4186.	723.9	0.1030
4187.	724.1	0.1029
4188.	724.3	0.1031
4189.	724.4	0.1031
4190.	724.6	0.1033
4191.	724.7	0.1032
4192.	725.0	0.1033
4193.	725.1	0.1034
4194.	725.2	0.1035
4195.	725.4	0.1032
4196.	725.6	0.1033
4197.	725.7	0.1032
4198.	725.9	0.1031
4199.	726.0	0.1033
4200.	726.2	0.1035
4201.	726.4	0.1034
4202.	726.6	0.1034
4203.	726.8	0.1036
4204.	726.9	0.1036
4205.	727.1	0.1037
4206.	727.2	0.1037
4207.	727.3	0.1037
4208.	727.5	0.1037
4209.	727.6	0.1039
4210.	727.8	0.1039
4211.	728.0	0.1039
4212.	728.2	0.1040
4213.	728.4	0.1040
4214.	728.6	0.1038
4215.	728.6	0.1036
4216.	728.9	0.1038
4217.	729.0	0.1037
4218.	729.2	0.1038
4219.	729.4	0.1038
4220.	729.5	0.1038
4221.	729.7	0.1037
4222.	729.9	0.1037
4223.	730.1	0.1037
4224.	730.3	0.1037
4225.	730.4	0.1036
4226.	730.5	0.1038
4227.	730.7	0.1040
4228.	730.9	0.1038
4229.	731.0	0.1036
4230.	731.2	0.1036
4231.	731.4	0.1037
4232.	731.5	0.1034
4233.	731.7	0.1035
4234.	731.8	0.1034
4235.	732.0	0.1035
4236.	732.2	0.1037
4237.	732.4	0.1038
4238.	732.5	0.1039
4239.	732.7	0.1039
4240.	732.9	0.1038
4241.	733.0	0.1038
4242.	733.2	0.1039
4243.	733.3	0.1038
4244.	733.5	0.1038
4245.	733.8	0.1039
4246.	734.0	0.1040
4247.	734.1	0.1039
4248.	734.3	0.1040
4249.	734.5	0.1040
4250.	734.6	0.1041
4251.	734.7	0.1040
4252.	734.9	0.1039
4253.	735.1	0.1038
4254.	735.3	0.1039
4255.	735.4	0.1040
4256.	735.6	0.1039
4257.	735.8	0.1039
4258.	736.0	0.1041
4259.	736.1	0.1044
4260.	736.3	0.1044
4261.	736.4	0.1044
4262.	736.6	0.1043
4263.	736.7	0.1043
4264.	736.9	0.1042
4265.	737.1	0.1041
4266.	737.2	0.1040
4267.	737.4	0.1041
4268.	737.6	0.1040
4269.	737.8	0.1040
4270.	737.9	0.1042
4271.	738.0	0.1042
4272.	738.2	0.1042
4273.	738.3	0.1041
4274.	738.5	0.1041
4275.	738.7	0.1039
4276.	738.9	0.1041
4277.	739.1	0.1039
4278.	739.3	0.1040
4279.	739.5	0.1041
4280.	739.6	0.1041
4281.	739.8	0.1040
4282.	740.0	0.1040
4283.	740.1	0.1039
4284.	740.3	0.1040
4285.	740.4	0.1039
4286.	740.6	0.1041
4287.	740.8	0.1041
4288.	741.0	0.1044
4289.	741.1	0.1047
4290.	741.3	0.1048
4291.	741.4	0.1050
4292.	741.6	0.1049
4293.	741.7	0.1049
4294.	741.9	0.1051
4295.	742.0	0.1051
4296.	742.2	0.1050
4297.	742.3	0.1052
4298.	742.5	0.1050
4299.	742.6	0.1050
4300.	742.7	0.1051
4301.	742.9	0.1049
4302.	743.1	0.1048
4303.	743.3	0.1047
4304.	743.4	0.1047
4305.	743.6	0.1048
4306.	743.8	0.1049
4307.	743.9	0.1050
4308.	744.1	0.1050
4309.	744.3	0.1051
4310.	744.5	0.1047
4311.	744.6	0.1050
4312.	744.8	0.1052
4313.	745.0	0.1054
4314.	745.2	0.1050
4315.	745.4	0.1050
4316.	745.6	0.1050
4317.	745.8	0.1047
4318.	746.0	0.1047
4319.	746.1	0.1048
4320.	746.2	0.1048
4321.	746.4	0.1048
4322.	746.5	0.1047
4323.	746.6	0.1049
4324.	746.8	0.1048
4325.	747.0	0.1048
4326.	747.2	0.1048
4327.	747.3	0.1046
4328.	747.5	0.1046
4329.	747.7	0.1047
4330.	747.8	0.1051
4331.	747.9	0.1052
4332.	748.1	0.1056
4333.	748.3	0.1055
4334.	748.5	0.1057
4335.	748.6	0.1059
4336.	748.8	0.1062
4337.	748.9	0.1066
4338.	749.2	0.1066
4339.	749.3	0.1066
4340.	749.4	0.1065
4341.	749.6	0.1063
4342.	749.8	0.1060
4343.	749.9	0.1059
4344.	750.1	0.1060
4345.	750.3	0.1055
4346.	750.5	0.1056
4347.	750.6	0.1059
4348.	750.8	0.1058
4349.	751.0	0.1060
4350.	751.1	0.1060
4351.	751.2	0.1060
4352.	751.3	0.1060
4353.	751.5	0.1056
4354.	751.7	0.1057
4355.	751.8	0.1053
4356.	752.0	0.1053
4357.	752.2	0.1049
4358.	752.4	0.1051
4359.	752.5	0.1052
4360.	752.7	0.1050
4361.	752.9	0.1050
4362.	753.0	0.1051
4363.	753.2	0.1050
4364.	753.4	0.1052
4365.	753.5	0.1051
4366.	753.8	0.1050
4367.	753.9	0.1053
4368.	754.1	0.1052
4369.	754.3	0.1051
4370.	754.5	0.1052
4371.	754.7	0.1051
4372.	754.8	0.1051
4373.	755.0	0.1053
4374.	755.2	0.1051
4375.	755.4	0.1053
4376.	755.6	0.1050
4377.	755.7	0.1051
4378.	755.9	0.1050
4379.	756.0	0.1052
4380.	756.2	0.1053
4381.	756.4	0.1051
4382.	756.5	0.1050
4383.	756.7	0.1050
4384.	756.8	0.1052
4385.	757.0	0.1051
4386.	757.1	0.1050
4387.	757.3	0.1052
4388.	757.4	0.1052
4389.	757.6	0.1052
4390.	757.8	0.1050
4391.	757.9	0.1052
4392.	758.1	0.1053
4393.	758.2	0.1053
4394.	758.4	0.1056
4395.	758.6	0.1056
4396.	758.8	0.1056
4397.	759.0	0.1055
4398.	759.1	0.1054
4399.	759.3	0.1051
4400.	759.4	0.1056
4401.	759.6	0.1058
4402.	759.8	0.1056
4403.	759.9	0.1057
4404.	760.0	0.1056
4405.	760.3	0.1058
4406.	760.4	0.1057
4407.	760.6	0.1058
4408.	760.7	0.1059
4409.	760.8	0.1058
4410.	761.0	0.1058
4411.	761.2	0.1058
4412.	761.3	0.1059
4413.	761.5	0.1058
4414.	761.7	0.1060
4415.	761.8	0.1060
4416.	761.9	0.1060
4417.	762.1	0.1060
4418.	762.3	0.1061
4419.	762.5	0.1061
4420.	762.6	0.1062
4421.	762.8	0.1063
4422.	763.0	0.1064
4423.	763.2	0.1067
4424.	763.3	0.1068
4425.	763.6	0.1068
4426.	763.7	0.1070
4427.	763.8	0.1068
4428.	764.0	0.1068
4429.	764.2	0.1066
4430.	764.4	0.1065
4431.	764.6	0.1065
4432.	764.7	0.1063
4433.	764.9	0.1062
4434.	765.1	0.1062
4435.	765.2	0.1063
4436.	765.4	0.1063
4437.	765.5	0.1064
4438.	765.7	0.1063
4439.	765.8	0.1064
4440.	766.0	0.1063
4441.	766.2	0.1061
4442.	766.3	0.1061
4443.	766.6	0.1061
4444.	766.8	0.1062
4445.	766.9	0.1061
4446.	767.1	0.1062
4447.	767.3	0.1061
4448.	767.5	0.1060
4449.	767.6	0.1062
4450.	767.8	0.1062
4451.	768.0	0.1065
4452.	768.2	0.1063
4453.	768.4	0.1062
4454.	768.6	0.1062
4455.	768.7	0.1063
4456.	768.9	0.1062
4457.	769.0	0.1062
4458.	769.2	0.1062
4459.	769.3	0.1063
4460.	769.5	0.1064
4461.	769.7	0.1062
4462.	769.9	0.1063
4463.	770.0	0.1064
4464.	770.3	0.1062
4465.	770.4	0.1062
4466.	770.5	0.1062
4467.	770.7	0.1061
4468.	770.9	0.1061
4469.	771.1	0.1061
4470.	771.2	0.1063
4471.	771.4	0.1063
4472.	771.5	0.1063
4473.	771.7	0.1063
4474.	771.9	0.1063
4475.	772.0	0.1063
4476.	772.2	0.1062
4477.	772.3	0.1064
4478.	772.4	0.1064
4479.	772.6	0.1064
4480.	772.8	0.1063
4481.	772.9	0.1063
4482.	773.1	0.1063
4483.	773.2	0.1063
4484.	773.5	0.1064
4485.	773.6	0.1063
4486.	773.9	0.1062
4487.	774.1	0.1063
4488.	774.1	0.1063
4489.	774.3	0.1064
4490.	774.4	0.1064
4491.	774.6	0.1065
4492.	774.8	0.1068
4493.	775.0	0.1070
4494.	775.2	0.1070
4495.	775.3	0.1072
4496.	775.5	0.1071
4497.	775.8	0.1072
4498.	775.9	0.1071
4499.	776.0	0.1068
4500.	776.2	0.1068
4501.	776.3	0.1067
4502.	776.5	0.1068
4503.	776.7	0.1066
4504.	776.8	0.1065
4505.	777.1	0.1063
4506.	777.2	0.1063
4507.	777.4	0.1064
4508.	777.5	0.1065
4509.	777.6	0.1066
4510.	777.9	0.1068
4511.	778.0	0.1068
4512.	778.2	0.1066
4513.	778.4	0.1065
4514.	778.6	0.1066
4515.	778.7	0.1065
4516.	778.9	0.1066
4517.	779.0	0.1066
4518.	779.2	0.1064
4519.	779.3	0.1065
4520.	779.5	0.1065
4521.	779.7	0.1066
4522.	779.9	0.1065
4523.	780.0	0.1065
4524.	780.2	0.1062
4525.	780.4	0.1065
4526.	780.5	0.1063
4527.	780.7	0.1063
4528.	780.8	0.1064
4529.	780.9	0.1067
4530.	781.1	0.1069
4531.	781.2	0.1068
4532.	781.4	0.1069
4533.	781.6	0.1069
4534.	781.8	0.1068
4535.	782.0	0.1066
4536.	782.2	0.1064
4537.	782.4	0.1066
4538.	782.5	0.1067
4539.	782.6	0.1065
4540.	782.9	0.1066
4541.	783.0	0.1065
4542.	783.1	0.1064
4543.	783.3	0.1067
4544.	783.5	0.1068
4545.	783.6	0.1066
4546.	783.8	0.1071
4547.	784.0	0.1066
4548.	784.1	0.1068
4549.	784.2	0.1065
4550.	784.4	0.1066
4551.	784.6	0.1066
4552.	784.9	0.1065
4553.	784.9	0.1065
4554.	785.1	0.1066
4555.	785.2	0.1064
4556.	785.4	0.1065
4557.	785.6	0.1066
4558.	785.8	0.1065
4559.	785.9	0.1066
4560.	786.1	0.1069
4561.	786.2	0.1073
4562.	786.5	0.1076
4563.	786.6	0.1077
4564.	786.8	0.1074
4565.	786.9	0.1077
4566.	787.1	0.1077
4567.	787.3	0.1082
4568.	787.5	0.1082
4569.	787.6	0.1085
4570.	787.7	0.1088
4571.	787.9	0.1090
4572.	788.1	0.1090
4573.	788.2	0.1091
4574.	788.4	0.1091
4575.	788.7	0.1089
4576.	788.9	0.1088
4577.	789.0	0.1086
4578.	789.1	0.1085
4579.	789.3	0.1085
4580.	789.5	0.1087
4581.	789.7	0.1085
4582.	789.7	0.1081
4583.	789.9	0.1078
4584.	790.1	0.1076
4585.	790.2	0.1073
4586.	790.4	0.1073
4587.	790.6	0.1072
4588.	790.8	0.1070
4589.	790.9	0.1069
4590.	791.1	0.1071
4591.	791.2	0.1068
4592.	791.4	0.1066
4593.	791.6	0.1066
4594.	791.7	0.1064
4595.	791.9	0.1064
4596.	792.1	0.1064
4597.	792.2	0.1064
4598.	792.4	0.1064
4599.	792.6	0.1064
4600.	792.7	0.1064
4601.	792.9	0.1064
4602.	793.2	0.1064
4603.	793.3	0.1065
4604.	793.4	0.1068
4605.	793.6	0.1066
4606.	793.7	0.1064
4607.	794.0	0.1063
4608.	794.1	0.1064
4609.	794.4	0.1062
4610.	794.6	0.1063
4611.	794.7	0.1063
4612.	794.8	0.1064
4613.	795.0	0.1062
4614.	795.2	0.1061
4615.	795.4	0.1063
4616.	795.6	0.1061
4617.	795.7	0.1062
4618.	795.9	0.1061
4619.	796.0	0.1060
4620.	796.2	0.1063
4621.	796.4	0.1062
4622.	796.5	0.1063
4623.	796.7	0.1061
4624.	796.9	0.1063
4625.	797.1	0.1063
4626.	797.2	0.1063
4627.	797.4	0.1067
4628.	797.5	0.1072
4629.	797.7	0.1073
4630.	797.8	0.1073
4631.	798.0	0.1076
4632.	798.2	0.1076
4633.	798.4	0.1071
4634.	798.5	0.1074
4635.	798.6	0.1075
4636.	798.7	0.1078
4637.	798.9	0.1077
4638.	799.0	0.1075
4639.	799.2	0.1070
4640.	799.4	0.1073
4641.	799.6	0.1076
4642.	799.7	0.1079
4643.	799.9	0.1080