Instrument TGA-50H
Module TGA-50H
Operator LJ - LATAT
Sample KIT10
Size 2.764 mg
Method 
Comment 
Xcomment Pan: Platinum
Xcomment Gas1: Nitrogen
Xcomment Balance Gas: Nitrogen 20.0 ml/min
Xcomment Sample Gas: Nitrogen 20.0 ml/min
Nsig 3
Sig1 Time (sec)
Sig2 Temperature (C)
Sig3 Weight (mg)
OrgMethod 1: Ramp 10.00 C/min to 800.00 C
.0000	30.24	2.765
1.000	30.29	2.766
2.000	30.28	2.768
3.000	30.29	2.769
4.000	30.33	2.770
5.000	30.34	2.771
6.000	30.33	2.772
7.000	30.50	2.773
8.000	30.56	2.773
9.000	30.73	2.774
10.00	30.74	2.774
11.00	30.81	2.775
12.00	30.79	2.775
13.00	30.85	2.775
14.00	30.94	2.776
15.00	31.06	2.776
16.00	31.07	2.777
17.00	31.07	2.777
18.00	31.07	2.777
19.00	31.22	2.777
20.00	31.25	2.778
21.00	31.30	2.778
22.00	31.32	2.778
23.00	31.45	2.778
24.00	31.49	2.778
25.00	31.68	2.779
26.00	31.75	2.778
27.00	31.78	2.779
28.00	31.87	2.779
29.00	32.07	2.779
30.00	32.17	2.779
31.00	32.26	2.779
32.00	32.32	2.780
33.00	32.45	2.780
34.00	32.60	2.780
35.00	32.70	2.780
36.00	32.78	2.780
37.00	32.95	2.780
38.00	33.18	2.780
39.00	33.22	2.780
40.00	33.44	2.780
41.00	33.52	2.780
42.00	33.52	2.780
43.00	33.67	2.780
44.00	33.74	2.780
45.00	34.02	2.780
46.00	34.10	2.780
47.00	34.08	2.780
48.00	34.25	2.780
49.00	34.25	2.780
50.00	34.55	2.781
51.00	34.63	2.781
52.00	34.73	2.781
53.00	34.95	2.781
54.00	35.17	2.781
55.00	35.25	2.781
56.00	35.47	2.781
57.00	35.70	2.781
58.00	35.86	2.781
59.00	36.00	2.781
60.00	36.09	2.781
61.00	36.23	2.781
62.00	36.37	2.781
63.00	36.51	2.781
64.00	36.68	2.780
65.00	36.70	2.780
66.00	36.80	2.780
67.00	37.00	2.780
68.00	37.17	2.780
69.00	37.27	2.781
70.00	37.41	2.781
71.00	37.61	2.780
72.00	37.65	2.781
73.00	37.71	2.781
74.00	37.87	2.781
75.00	38.04	2.781
76.00	38.19	2.781
77.00	38.37	2.781
78.00	38.55	2.781
79.00	38.63	2.781
80.00	38.80	2.781
81.00	38.93	2.781
82.00	39.13	2.781
83.00	39.32	2.781
84.00	39.36	2.781
85.00	39.56	2.781
86.00	39.67	2.781
87.00	39.80	2.781
88.00	39.91	2.781
89.00	40.12	2.781
90.00	40.33	2.782
91.00	40.42	2.782
92.00	40.49	2.782
93.00	40.71	2.782
94.00	40.90	2.782
95.00	40.97	2.782
96.00	41.24	2.782
97.00	41.41	2.782
98.00	41.49	2.782
99.00	41.79	2.782
100.0	41.98	2.782
101.0	42.22	2.782
102.0	42.36	2.782
103.0	42.55	2.782
104.0	42.75	2.782
105.0	43.03	2.782
106.0	43.28	2.782
107.0	43.41	2.782
108.0	43.65	2.782
109.0	43.83	2.782
110.0	43.99	2.782
111.0	44.28	2.782
112.0	44.50	2.782
113.0	44.72	2.782
114.0	44.74	2.782
115.0	44.91	2.782
116.0	45.17	2.782
117.0	45.28	2.781
118.0	45.48	2.781
119.0	45.67	2.781
120.0	45.77	2.781
121.0	45.96	2.781
122.0	46.12	2.780
123.0	46.23	2.780
124.0	46.38	2.780
125.0	46.59	2.780
126.0	46.79	2.780
127.0	47.05	2.780
128.0	47.14	2.780
129.0	47.33	2.780
130.0	47.54	2.780
131.0	47.62	2.780
132.0	47.87	2.780
133.0	47.96	2.780
134.0	48.04	2.780
135.0	48.23	2.780
136.0	48.33	2.779
137.0	48.43	2.779
138.0	48.61	2.779
139.0	48.75	2.779
140.0	48.91	2.779
141.0	49.12	2.779
142.0	49.34	2.779
143.0	49.50	2.779
144.0	49.58	2.779
145.0	49.71	2.779
146.0	49.90	2.779
147.0	50.03	2.779
148.0	50.18	2.779
149.0	50.29	2.778
150.0	50.33	2.778
151.0	50.62	2.778
152.0	50.74	2.778
153.0	50.85	2.778
154.0	51.03	2.778
155.0	51.26	2.778
156.0	51.32	2.778
157.0	51.48	2.778
158.0	51.62	2.778
159.0	51.71	2.778
160.0	51.92	2.778
161.0	52.08	2.778
162.0	52.14	2.778
163.0	52.38	2.778
164.0	52.53	2.778
165.0	52.72	2.778
166.0	52.83	2.778
167.0	53.06	2.777
168.0	53.16	2.778
169.0	53.36	2.777
170.0	53.48	2.777
171.0	53.58	2.777
172.0	53.76	2.777
173.0	53.90	2.777
174.0	53.98	2.777
175.0	54.20	2.777
176.0	54.42	2.777
177.0	54.53	2.777
178.0	54.61	2.777
179.0	54.82	2.777
180.0	54.93	2.777
181.0	55.24	2.777
182.0	55.29	2.777
183.0	55.37	2.777
184.0	55.56	2.777
185.0	55.62	2.777
186.0	55.80	2.777
187.0	56.01	2.777
188.0	56.14	2.777
189.0	56.30	2.777
190.0	56.48	2.777
191.0	56.67	2.777
192.0	56.83	2.777
193.0	57.03	2.777
194.0	57.14	2.777
195.0	57.31	2.777
196.0	57.48	2.777
197.0	57.71	2.777
198.0	57.94	2.777
199.0	58.07	2.777
200.0	58.13	2.777
201.0	58.38	2.777
202.0	58.58	2.777
203.0	58.75	2.777
204.0	58.92	2.777
205.0	59.02	2.777
206.0	59.20	2.777
207.0	59.33	2.777
208.0	59.50	2.777
209.0	59.70	2.776
210.0	59.81	2.776
211.0	59.89	2.776
212.0	60.08	2.776
213.0	60.28	2.776
214.0	60.35	2.776
215.0	60.64	2.776
216.0	60.75	2.776
217.0	60.90	2.776
218.0	61.05	2.776
219.0	61.18	2.776
220.0	61.36	2.776
221.0	61.56	2.776
222.0	61.83	2.776
223.0	62.05	2.776
224.0	62.34	2.776
225.0	62.44	2.776
226.0	62.50	2.776
227.0	62.63	2.775
228.0	62.84	2.775
229.0	63.00	2.776
230.0	63.25	2.775
231.0	63.38	2.775
232.0	63.54	2.775
233.0	63.69	2.775
234.0	63.82	2.775
235.0	64.07	2.775
236.0	64.22	2.775
237.0	64.29	2.775
238.0	64.48	2.775
239.0	64.61	2.775
240.0	64.79	2.775
241.0	65.05	2.775
242.0	65.30	2.775
243.0	65.41	2.775
244.0	65.58	2.775
245.0	65.76	2.775
246.0	65.97	2.775
247.0	66.17	2.775
248.0	66.40	2.775
249.0	66.58	2.775
250.0	66.84	2.775
251.0	66.94	2.775
252.0	67.07	2.775
253.0	67.22	2.774
254.0	67.33	2.775
255.0	67.57	2.774
256.0	67.78	2.774
257.0	67.83	2.774
258.0	67.90	2.774
259.0	68.01	2.774
260.0	68.24	2.774
261.0	68.37	2.774
262.0	68.53	2.774
263.0	68.70	2.774
264.0	68.75	2.774
265.0	69.03	2.774
266.0	69.14	2.773
267.0	69.32	2.774
268.0	69.36	2.773
269.0	69.44	2.773
270.0	69.65	2.774
271.0	69.78	2.773
272.0	70.01	2.773
273.0	70.17	2.773
274.0	70.27	2.773
275.0	70.44	2.773
276.0	70.49	2.773
277.0	70.72	2.773
278.0	70.87	2.773
279.0	71.05	2.773
280.0	71.27	2.773
281.0	71.35	2.773
282.0	71.54	2.773
283.0	71.75	2.773
284.0	71.79	2.773
285.0	72.01	2.773
286.0	72.18	2.773
287.0	72.39	2.773
288.0	72.50	2.773
289.0	72.64	2.773
290.0	72.77	2.773
291.0	72.87	2.773
292.0	73.08	2.773
293.0	73.19	2.773
294.0	73.44	2.773
295.0	73.56	2.773
296.0	73.87	2.772
297.0	73.99	2.773
298.0	74.17	2.772
299.0	74.38	2.772
300.0	74.47	2.772
301.0	74.75	2.772
302.0	74.96	2.772
303.0	75.15	2.772
304.0	75.30	2.773
305.0	75.56	2.772
306.0	75.74	2.772
307.0	75.97	2.772
308.0	76.08	2.772
309.0	76.17	2.772
310.0	76.46	2.772
311.0	76.57	2.772
312.0	76.75	2.772
313.0	76.95	2.772
314.0	77.01	2.772
315.0	77.23	2.772
316.0	77.35	2.772
317.0	77.51	2.772
318.0	77.79	2.772
319.0	77.99	2.772
320.0	78.18	2.772
321.0	78.37	2.771
322.0	78.52	2.771
323.0	78.65	2.771
324.0	78.73	2.771
325.0	78.99	2.771
326.0	79.13	2.771
327.0	79.38	2.771
328.0	79.52	2.771
329.0	79.73	2.771
330.0	79.86	2.771
331.0	80.00	2.771
332.0	80.27	2.771
333.0	80.34	2.771
334.0	80.50	2.771
335.0	80.67	2.770
336.0	80.78	2.771
337.0	80.97	2.771
338.0	81.15	2.770
339.0	81.39	2.770
340.0	81.53	2.770
341.0	81.65	2.770
342.0	81.96	2.770
343.0	82.16	2.770
344.0	82.29	2.770
345.0	82.40	2.770
346.0	82.57	2.770
347.0	82.74	2.770
348.0	82.84	2.770
349.0	83.00	2.770
350.0	83.10	2.770
351.0	83.30	2.770
352.0	83.51	2.770
353.0	83.63	2.770
354.0	83.81	2.770
355.0	83.96	2.770
356.0	84.11	2.769
357.0	84.27	2.769
358.0	84.40	2.770
359.0	84.63	2.769
360.0	84.76	2.769
361.0	84.93	2.769
362.0	85.10	2.769
363.0	85.33	2.769
364.0	85.49	2.769
365.0	85.63	2.769
366.0	85.73	2.769
367.0	85.85	2.769
368.0	86.01	2.769
369.0	86.17	2.769
370.0	86.30	2.769
371.0	86.41	2.769
372.0	86.60	2.769
373.0	86.76	2.769
374.0	86.82	2.769
375.0	87.00	2.769
376.0	87.20	2.769
377.0	87.32	2.769
378.0	87.42	2.769
379.0	87.63	2.769
380.0	87.84	2.769
381.0	87.94	2.769
382.0	88.13	2.769
383.0	88.25	2.768
384.0	88.45	2.769
385.0	88.59	2.769
386.0	88.70	2.769
387.0	89.04	2.768
388.0	89.12	2.769
389.0	89.27	2.768
390.0	89.39	2.768
391.0	89.48	2.768
392.0	89.70	2.768
393.0	89.92	2.768
394.0	90.09	2.768
395.0	90.15	2.768
396.0	90.31	2.768
397.0	90.43	2.768
398.0	90.60	2.768
399.0	90.74	2.768
400.0	90.90	2.768
401.0	91.02	2.768
402.0	91.20	2.768
403.0	91.38	2.768
404.0	91.52	2.768
405.0	91.76	2.768
406.0	91.95	2.768
407.0	92.17	2.768
408.0	92.40	2.768
409.0	92.60	2.768
410.0	92.81	2.768
411.0	92.97	2.768
412.0	93.04	2.768
413.0	93.17	2.768
414.0	93.29	2.768
415.0	93.48	2.768
416.0	93.69	2.768
417.0	93.81	2.768
418.0	94.03	2.768
419.0	94.19	2.768
420.0	94.41	2.768
421.0	94.53	2.768
422.0	94.76	2.768
423.0	94.92	2.768
424.0	95.08	2.768
425.0	95.27	2.768
426.0	95.45	2.768
427.0	95.66	2.767
428.0	95.91	2.767
429.0	96.09	2.767
430.0	96.25	2.767
431.0	96.40	2.768
432.0	96.51	2.767
433.0	96.71	2.767
434.0	96.90	2.767
435.0	97.09	2.767
436.0	97.33	2.767
437.0	97.48	2.767
438.0	97.72	2.767
439.0	97.90	2.767
440.0	98.07	2.767
441.0	98.20	2.767
442.0	98.42	2.767
443.0	98.52	2.767
444.0	98.67	2.767
445.0	98.92	2.767
446.0	99.10	2.767
447.0	99.27	2.766
448.0	99.39	2.767
449.0	99.57	2.766
450.0	99.69	2.766
451.0	99.85	2.766
452.0	100.1	2.766
453.0	100.2	2.766
454.0	100.4	2.766
455.0	100.6	2.766
456.0	100.8	2.766
457.0	100.9	2.766
458.0	101.0	2.766
459.0	101.2	2.766
460.0	101.4	2.766
461.0	101.4	2.766
462.0	101.7	2.766
463.0	101.8	2.766
464.0	101.9	2.766
465.0	102.1	2.766
466.0	102.2	2.765
467.0	102.3	2.765
468.0	102.6	2.765
469.0	102.7	2.766
470.0	102.8	2.765
471.0	103.0	2.765
472.0	103.1	2.765
473.0	103.2	2.765
474.0	103.4	2.765
475.0	103.5	2.765
476.0	103.7	2.765
477.0	103.8	2.765
478.0	103.9	2.765
479.0	104.1	2.765
480.0	104.2	2.765
481.0	104.4	2.765
482.0	104.5	2.765
483.0	104.7	2.765
484.0	104.9	2.765
485.0	105.1	2.765
486.0	105.3	2.765
487.0	105.4	2.765
488.0	105.6	2.765
489.0	105.8	2.765
490.0	105.9	2.765
491.0	106.0	2.765
492.0	106.2	2.765
493.0	106.4	2.765
494.0	106.6	2.765
495.0	106.6	2.765
496.0	106.8	2.765
497.0	107.0	2.765
498.0	107.2	2.765
499.0	107.4	2.765
500.0	107.6	2.765
501.0	107.7	2.765
502.0	107.9	2.765
503.0	108.0	2.765
504.0	108.2	2.765
505.0	108.4	2.765
506.0	108.6	2.765
507.0	108.7	2.765
508.0	108.9	2.765
509.0	109.1	2.765
510.0	109.3	2.765
511.0	109.5	2.765
512.0	109.6	2.764
513.0	109.7	2.765
514.0	109.9	2.765
515.0	110.2	2.764
516.0	110.3	2.764
517.0	110.5	2.764
518.0	110.7	2.764
519.0	110.8	2.764
520.0	110.9	2.764
521.0	111.1	2.764
522.0	111.3	2.764
523.0	111.6	2.764
524.0	111.8	2.764
525.0	112.0	2.764
526.0	112.2	2.764
527.0	112.3	2.764
528.0	112.4	2.764
529.0	112.6	2.764
530.0	112.8	2.764
531.0	113.0	2.764
532.0	113.2	2.764
533.0	113.3	2.764
534.0	113.4	2.764
535.0	113.6	2.764
536.0	113.8	2.764
537.0	113.9	2.764
538.0	114.1	2.763
539.0	114.2	2.763
540.0	114.4	2.764
541.0	114.6	2.763
542.0	114.8	2.763
543.0	115.0	2.763
544.0	115.1	2.763
545.0	115.3	2.763
546.0	115.5	2.763
547.0	115.6	2.763
548.0	115.7	2.763
549.0	115.8	2.763
550.0	116.0	2.763
551.0	116.2	2.763
552.0	116.4	2.763
553.0	116.6	2.763
554.0	116.8	2.763
555.0	116.9	2.763
556.0	117.1	2.763
557.0	117.2	2.763
558.0	117.3	2.763
559.0	117.4	2.763
560.0	117.7	2.763
561.0	117.8	2.763
562.0	117.9	2.763
563.0	118.1	2.763
564.0	118.2	2.763
565.0	118.4	2.763
566.0	118.4	2.762
567.0	118.6	2.763
568.0	118.7	2.762
569.0	118.8	2.763
570.0	119.0	2.763
571.0	119.2	2.763
572.0	119.4	2.763
573.0	119.6	2.763
574.0	119.6	2.762
575.0	119.8	2.762
576.0	120.0	2.763
577.0	120.2	2.762
578.0	120.3	2.763
579.0	120.5	2.762
580.0	120.7	2.763
581.0	120.8	2.763
582.0	121.0	2.762
583.0	121.2	2.762
584.0	121.4	2.762
585.0	121.5	2.762
586.0	121.6	2.762
587.0	121.8	2.762
588.0	121.9	2.762
589.0	122.1	2.763
590.0	122.3	2.762
591.0	122.5	2.763
592.0	122.7	2.762
593.0	122.8	2.762
594.0	123.0	2.762
595.0	123.3	2.762
596.0	123.5	2.762
597.0	123.7	2.762
598.0	123.8	2.762
599.0	124.0	2.762
600.0	124.2	2.762
601.0	124.4	2.762
602.0	124.6	2.762
603.0	124.7	2.762
604.0	124.9	2.762
605.0	125.0	2.762
606.0	125.2	2.762
607.0	125.4	2.762
608.0	125.6	2.762
609.0	125.8	2.762
610.0	126.0	2.762
611.0	126.1	2.762
612.0	126.4	2.762
613.0	126.5	2.762
614.0	126.7	2.762
615.0	126.9	2.762
616.0	127.1	2.762
617.0	127.3	2.762
618.0	127.5	2.762
619.0	127.6	2.761
620.0	127.9	2.761
621.0	128.0	2.761
622.0	128.2	2.761
623.0	128.4	2.761
624.0	128.6	2.761
625.0	128.8	2.761
626.0	128.9	2.761
627.0	129.1	2.761
628.0	129.3	2.761
629.0	129.4	2.761
630.0	129.6	2.761
631.0	129.8	2.761
632.0	129.9	2.761
633.0	130.1	2.761
634.0	130.3	2.761
635.0	130.3	2.761
636.0	130.5	2.761
637.0	130.6	2.761
638.0	130.7	2.761
639.0	130.8	2.760
640.0	131.0	2.761
641.0	131.1	2.761
642.0	131.2	2.760
643.0	131.4	2.760
644.0	131.6	2.760
645.0	131.8	2.760
646.0	131.9	2.760
647.0	132.0	2.760
648.0	132.2	2.760
649.0	132.3	2.760
650.0	132.5	2.760
651.0	132.6	2.760
652.0	132.7	2.760
653.0	132.9	2.760
654.0	133.1	2.760
655.0	133.3	2.760
656.0	133.5	2.760
657.0	133.6	2.760
658.0	133.8	2.760
659.0	133.9	2.760
660.0	134.1	2.760
661.0	134.3	2.760
662.0	134.4	2.760
663.0	134.5	2.760
664.0	134.8	2.760
665.0	134.9	2.760
666.0	135.1	2.760
667.0	135.2	2.760
668.0	135.3	2.760
669.0	135.6	2.760
670.0	135.8	2.760
671.0	136.0	2.760
672.0	136.1	2.760
673.0	136.3	2.760
674.0	136.5	2.760
675.0	136.7	2.760
676.0	136.8	2.760
677.0	136.9	2.760
678.0	137.1	2.760
679.0	137.2	2.760
680.0	137.4	2.760
681.0	137.6	2.760
682.0	137.8	2.760
683.0	137.9	2.760
684.0	138.1	2.760
685.0	138.3	2.760
686.0	138.6	2.760
687.0	138.7	2.760
688.0	139.0	2.760
689.0	139.1	2.760
690.0	139.3	2.760
691.0	139.4	2.760
692.0	139.6	2.760
693.0	139.8	2.760
694.0	139.8	2.760
695.0	140.0	2.760
696.0	140.1	2.759
697.0	140.3	2.760
698.0	140.5	2.760
699.0	140.7	2.760
700.0	140.9	2.760
701.0	141.1	2.760
702.0	141.2	2.760
703.0	141.4	2.760
704.0	141.5	2.759
705.0	141.7	2.759
706.0	141.9	2.759
707.0	142.1	2.759
708.0	142.3	2.760
709.0	142.4	2.759
710.0	142.6	2.759
711.0	142.8	2.759
712.0	142.9	2.759
713.0	143.1	2.759
714.0	143.3	2.759
715.0	143.4	2.759
716.0	143.7	2.759
717.0	143.8	2.759
718.0	144.0	2.759
719.0	144.2	2.759
720.0	144.3	2.759
721.0	144.5	2.759
722.0	144.6	2.759
723.0	144.8	2.759
724.0	144.9	2.759
725.0	145.1	2.759
726.0	145.3	2.759
727.0	145.5	2.759
728.0	145.8	2.759
729.0	145.9	2.759
730.0	146.1	2.759
731.0	146.2	2.759
732.0	146.3	2.759
733.0	146.5	2.759
734.0	146.6	2.759
735.0	146.8	2.759
736.0	147.0	2.759
737.0	147.2	2.759
738.0	147.4	2.759
739.0	147.4	2.759
740.0	147.6	2.759
741.0	147.8	2.759
742.0	147.9	2.759
743.0	148.1	2.759
744.0	148.3	2.758
745.0	148.4	2.758
746.0	148.6	2.759
747.0	148.7	2.758
748.0	148.9	2.758
749.0	149.1	2.759
750.0	149.3	2.759
751.0	149.5	2.759
752.0	149.6	2.759
753.0	149.8	2.758
754.0	149.9	2.758
755.0	150.0	2.758
756.0	150.2	2.758
757.0	150.4	2.758
758.0	150.6	2.759
759.0	150.7	2.758
760.0	150.9	2.758
761.0	151.0	2.758
762.0	151.2	2.758
763.0	151.4	2.758
764.0	151.5	2.758
765.0	151.7	2.758
766.0	151.9	2.758
767.0	152.1	2.758
768.0	152.2	2.758
769.0	152.3	2.758
770.0	152.5	2.758
771.0	152.7	2.758
772.0	152.9	2.758
773.0	153.1	2.758
774.0	153.2	2.758
775.0	153.4	2.758
776.0	153.6	2.758
777.0	153.8	2.758
778.0	153.9	2.758
779.0	154.1	2.758
780.0	154.2	2.758
781.0	154.3	2.758
782.0	154.6	2.758
783.0	154.8	2.758
784.0	155.0	2.758
785.0	155.1	2.758
786.0	155.2	2.758
787.0	155.4	2.758
788.0	155.5	2.758
789.0	155.7	2.758
790.0	155.8	2.758
791.0	156.0	2.758
792.0	156.2	2.758
793.0	156.4	2.758
794.0	156.5	2.758
795.0	156.8	2.758
796.0	157.0	2.758
797.0	157.1	2.758
798.0	157.2	2.758
799.0	157.4	2.758
800.0	157.6	2.758
801.0	157.7	2.758
802.0	158.0	2.758
803.0	158.0	2.758
804.0	158.2	2.758
805.0	158.3	2.758
806.0	158.4	2.758
807.0	158.7	2.758
808.0	158.9	2.758
809.0	159.0	2.758
810.0	159.2	2.758
811.0	159.3	2.758
812.0	159.5	2.758
813.0	159.7	2.758
814.0	159.8	2.758
815.0	160.0	2.758
816.0	160.2	2.758
817.0	160.3	2.758
818.0	160.5	2.758
819.0	160.6	2.758
820.0	160.8	2.757
821.0	160.9	2.757
822.0	161.1	2.757
823.0	161.4	2.757
824.0	161.5	2.757
825.0	161.6	2.757
826.0	161.8	2.757
827.0	161.9	2.757
828.0	162.1	2.757
829.0	162.4	2.757
830.0	162.6	2.757
831.0	162.7	2.757
832.0	163.0	2.757
833.0	163.1	2.757
834.0	163.3	2.757
835.0	163.4	2.757
836.0	163.6	2.757
837.0	163.8	2.757
838.0	164.0	2.757
839.0	164.1	2.757
840.0	164.2	2.757
841.0	164.4	2.757
842.0	164.6	2.757
843.0	164.8	2.757
844.0	165.0	2.757
845.0	165.1	2.757
846.0	165.3	2.757
847.0	165.4	2.757
848.0	165.6	2.757
849.0	165.7	2.757
850.0	166.0	2.757
851.0	166.1	2.757
852.0	166.3	2.757
853.0	166.6	2.757
854.0	166.7	2.757
855.0	166.8	2.757
856.0	167.0	2.757
857.0	167.2	2.757
858.0	167.4	2.757
859.0	167.6	2.757
860.0	167.8	2.757
861.0	167.9	2.756
862.0	168.2	2.756
863.0	168.3	2.756
864.0	168.5	2.757
865.0	168.6	2.756
866.0	168.9	2.756
867.0	169.0	2.756
868.0	169.2	2.756
869.0	169.3	2.756
870.0	169.5	2.756
871.0	169.6	2.756
872.0	169.7	2.756
873.0	169.9	2.756
874.0	170.0	2.756
875.0	170.2	2.756
876.0	170.4	2.756
877.0	170.5	2.756
878.0	170.7	2.756
879.0	170.8	2.756
880.0	171.0	2.756
881.0	171.1	2.756
882.0	171.3	2.756
883.0	171.5	2.756
884.0	171.6	2.756
885.0	171.8	2.756
886.0	171.9	2.756
887.0	172.1	2.756
888.0	172.3	2.756
889.0	172.4	2.756
890.0	172.6	2.756
891.0	172.7	2.756
892.0	172.9	2.756
893.0	173.1	2.756
894.0	173.2	2.756
895.0	173.4	2.756
896.0	173.6	2.756
897.0	173.7	2.756
898.0	173.9	2.756
899.0	174.0	2.756
900.0	174.1	2.756
901.0	174.4	2.756
902.0	174.5	2.755
903.0	174.6	2.755
904.0	174.7	2.755
905.0	175.0	2.755
906.0	175.1	2.756
907.0	175.3	2.755
908.0	175.4	2.755
909.0	175.5	2.756
910.0	175.7	2.755
911.0	175.9	2.755
912.0	176.1	2.756
913.0	176.3	2.756
914.0	176.4	2.756
915.0	176.7	2.756
916.0	176.9	2.756
917.0	177.1	2.756
918.0	177.3	2.756
919.0	177.4	2.756
920.0	177.5	2.756
921.0	177.7	2.756
922.0	177.9	2.756
923.0	178.2	2.755
924.0	178.4	2.755
925.0	178.6	2.755
926.0	178.8	2.755
927.0	178.9	2.755
928.0	179.2	2.755
929.0	179.3	2.755
930.0	179.5	2.755
931.0	179.7	2.755
932.0	179.9	2.755
933.0	180.0	2.755
934.0	180.2	2.755
935.0	180.3	2.755
936.0	180.5	2.755
937.0	180.6	2.755
938.0	180.8	2.755
939.0	181.0	2.755
940.0	181.2	2.755
941.0	181.3	2.755
942.0	181.5	2.755
943.0	181.7	2.754
944.0	181.9	2.755
945.0	182.0	2.754
946.0	182.1	2.755
947.0	182.2	2.754
948.0	182.3	2.755
949.0	182.5	2.755
950.0	182.7	2.755
951.0	182.9	2.755
952.0	183.0	2.755
953.0	183.1	2.754
954.0	183.4	2.754
955.0	183.5	2.754
956.0	183.7	2.754
957.0	183.8	2.754
958.0	183.9	2.754
959.0	184.0	2.754
960.0	184.2	2.754
961.0	184.3	2.754
962.0	184.5	2.754
963.0	184.6	2.754
964.0	184.8	2.754
965.0	184.9	2.754
966.0	185.1	2.754
967.0	185.3	2.754
968.0	185.4	2.754
969.0	185.6	2.754
970.0	185.8	2.754
971.0	186.0	2.754
972.0	186.0	2.754
973.0	186.3	2.754
974.0	186.4	2.754
975.0	186.6	2.754
976.0	186.7	2.754
977.0	187.0	2.754
978.0	187.2	2.754
979.0	187.4	2.754
980.0	187.4	2.754
981.0	187.6	2.754
982.0	187.7	2.754
983.0	187.8	2.754
984.0	188.0	2.754
985.0	188.3	2.754
986.0	188.4	2.754
987.0	188.4	2.754
988.0	188.6	2.754
989.0	188.8	2.754
990.0	188.9	2.754
991.0	189.1	2.754
992.0	189.3	2.754
993.0	189.5	2.753
994.0	189.7	2.754
995.0	189.8	2.754
996.0	190.1	2.754
997.0	190.3	2.754
998.0	190.4	2.754
999.0	190.6	2.754
1000.	190.8	2.753
1001.	191.0	2.754
1002.	191.3	2.753
1003.	191.5	2.753
1004.	191.6	2.753
1005.	191.8	2.753
1006.	192.0	2.753
1007.	192.2	2.753
1008.	192.3	2.753
1009.	192.4	2.753
1010.	192.6	2.753
1011.	192.8	2.753
1012.	193.0	2.753
1013.	193.1	2.753
1014.	193.4	2.753
1015.	193.5	2.753
1016.	193.7	2.753
1017.	193.9	2.753
1018.	194.0	2.753
1019.	194.2	2.753
1020.	194.4	2.753
1021.	194.5	2.753
1022.	194.7	2.752
1023.	194.9	2.753
1024.	195.1	2.753
1025.	195.3	2.753
1026.	195.5	2.752
1027.	195.7	2.753
1028.	195.9	2.752
1029.	196.1	2.752
1030.	196.2	2.752
1031.	196.4	2.752
1032.	196.5	2.752
1033.	196.7	2.752
1034.	196.9	2.752
1035.	196.9	2.752
1036.	197.2	2.752
1037.	197.3	2.752
1038.	197.4	2.752
1039.	197.5	2.752
1040.	197.7	2.752
1041.	197.9	2.752
1042.	198.1	2.752
1043.	198.3	2.752
1044.	198.5	2.752
1045.	198.6	2.752
1046.	198.8	2.752
1047.	199.0	2.752
1048.	199.1	2.751
1049.	199.3	2.751
1050.	199.4	2.751
1051.	199.5	2.751
1052.	199.6	2.751
1053.	199.7	2.751
1054.	199.9	2.751
1055.	200.0	2.751
1056.	200.1	2.751
1057.	200.3	2.751
1058.	200.5	2.751
1059.	200.7	2.751
1060.	200.8	2.751
1061.	200.9	2.751
1062.	201.1	2.751
1063.	201.3	2.751
1064.	201.4	2.751
1065.	201.6	2.751
1066.	201.7	2.751
1067.	201.9	2.751
1068.	202.1	2.751
1069.	202.2	2.751
1070.	202.4	2.751
1071.	202.5	2.751
1072.	202.7	2.751
1073.	202.9	2.751
1074.	203.1	2.751
1075.	203.3	2.751
1076.	203.5	2.751
1077.	203.6	2.751
1078.	203.7	2.751
1079.	203.9	2.751
1080.	204.1	2.751
1081.	204.2	2.751
1082.	204.4	2.751
1083.	204.6	2.751
1084.	204.8	2.750
1085.	204.9	2.750
1086.	205.1	2.750
1087.	205.4	2.750
1088.	205.6	2.750
1089.	205.9	2.750
1090.	206.0	2.750
1091.	206.2	2.750
1092.	206.3	2.750
1093.	206.4	2.750
1094.	206.7	2.750
1095.	206.9	2.750
1096.	207.0	2.750
1097.	207.3	2.750
1098.	207.5	2.750
1099.	207.7	2.750
1100.	207.9	2.750
1101.	208.1	2.750
1102.	208.3	2.750
1103.	208.4	2.750
1104.	208.6	2.749
1105.	208.7	2.750
1106.	208.9	2.749
1107.	209.0	2.749
1108.	209.2	2.749
1109.	209.4	2.749
1110.	209.6	2.749
1111.	209.7	2.749
1112.	209.8	2.749
1113.	210.0	2.749
1114.	210.2	2.749
1115.	210.4	2.749
1116.	210.5	2.749
1117.	210.7	2.749
1118.	210.8	2.749
1119.	211.1	2.748
1120.	211.1	2.748
1121.	211.3	2.748
1122.	211.5	2.748
1123.	211.7	2.748
1124.	211.9	2.748
1125.	212.0	2.748
1126.	212.2	2.748
1127.	212.3	2.748
1128.	212.4	2.748
1129.	212.5	2.748
1130.	212.7	2.748
1131.	212.8	2.748
1132.	213.0	2.748
1133.	213.2	2.748
1134.	213.3	2.748
1135.	213.5	2.748
1136.	213.7	2.747
1137.	213.8	2.747
1138.	213.8	2.747
1139.	213.9	2.747
1140.	214.1	2.747
1141.	214.3	2.747
1142.	214.5	2.747
1143.	214.6	2.747
1144.	214.7	2.747
1145.	214.9	2.747
1146.	215.1	2.747
1147.	215.2	2.747
1148.	215.3	2.747
1149.	215.5	2.747
1150.	215.6	2.747
1151.	215.8	2.747
1152.	216.0	2.746
1153.	216.2	2.747
1154.	216.5	2.747
1155.	216.7	2.746
1156.	216.9	2.746
1157.	217.0	2.746
1158.	217.2	2.746
1159.	217.3	2.746
1160.	217.5	2.746
1161.	217.7	2.746
1162.	217.9	2.746
1163.	218.0	2.746
1164.	218.2	2.746
1165.	218.4	2.746
1166.	218.6	2.746
1167.	218.8	2.746
1168.	218.9	2.746
1169.	219.1	2.746
1170.	219.3	2.746
1171.	219.4	2.746
1172.	219.6	2.745
1173.	219.8	2.745
1174.	220.0	2.745
1175.	220.2	2.745
1176.	220.3	2.745
1177.	220.6	2.745
1178.	220.7	2.745
1179.	220.9	2.745
1180.	221.2	2.745
1181.	221.4	2.745
1182.	221.5	2.745
1183.	221.8	2.745
1184.	222.0	2.745
1185.	222.1	2.745
1186.	222.3	2.744
1187.	222.5	2.744
1188.	222.7	2.744
1189.	222.8	2.744
1190.	222.9	2.744
1191.	223.1	2.744
1192.	223.3	2.744
1193.	223.5	2.744
1194.	223.7	2.744
1195.	223.8	2.743
1196.	224.0	2.744
1197.	224.1	2.743
1198.	224.2	2.743
1199.	224.4	2.743
1200.	224.7	2.743
1201.	224.7	2.743
1202.	224.9	2.743
1203.	225.0	2.743
1204.	225.1	2.743
1205.	225.3	2.742
1206.	225.4	2.742
1207.	225.5	2.742
1208.	225.7	2.742
1209.	225.8	2.742
1210.	226.0	2.742
1211.	226.2	2.742
1212.	226.4	2.742
1213.	226.6	2.742
1214.	226.7	2.742
1215.	226.8	2.742
1216.	226.9	2.742
1217.	227.1	2.741
1218.	227.2	2.741
1219.	227.4	2.741
1220.	227.5	2.741
1221.	227.7	2.741
1222.	227.8	2.741
1223.	228.0	2.741
1224.	228.1	2.741
1225.	228.2	2.741
1226.	228.5	2.741
1227.	228.7	2.741
1228.	228.9	2.740
1229.	229.1	2.741
1230.	229.2	2.741
1231.	229.4	2.741
1232.	229.4	2.741
1233.	229.7	2.741
1234.	229.9	2.740
1235.	230.0	2.740
1236.	230.1	2.740
1237.	230.4	2.740
1238.	230.5	2.740
1239.	230.7	2.740
1240.	230.9	2.740
1241.	231.0	2.739
1242.	231.2	2.739
1243.	231.4	2.739
1244.	231.5	2.739
1245.	231.7	2.739
1246.	231.9	2.739
1247.	232.1	2.739
1248.	232.3	2.739
1249.	232.5	2.739
1250.	232.6	2.739
1251.	232.8	2.739
1252.	232.8	2.738
1253.	233.0	2.738
1254.	233.2	2.738
1255.	233.4	2.738
1256.	233.5	2.738
1257.	233.7	2.738
1258.	233.8	2.738
1259.	234.1	2.738
1260.	234.2	2.738
1261.	234.4	2.738
1262.	234.6	2.737
1263.	234.8	2.737
1264.	235.0	2.737
1265.	235.2	2.737
1266.	235.4	2.737
1267.	235.6	2.737
1268.	235.8	2.737
1269.	235.9	2.737
1270.	236.1	2.737
1271.	236.2	2.736
1272.	236.5	2.736
1273.	236.6	2.736
1274.	236.8	2.736
1275.	236.9	2.736
1276.	237.1	2.736
1277.	237.2	2.736
1278.	237.4	2.736
1279.	237.5	2.735
1280.	237.7	2.735
1281.	237.9	2.735
1282.	238.1	2.735
1283.	238.3	2.735
1284.	238.4	2.735
1285.	238.6	2.735
1286.	238.8	2.735
1287.	238.9	2.734
1288.	239.1	2.734
1289.	239.2	2.734
1290.	239.3	2.734
1291.	239.5	2.734
1292.	239.6	2.734
1293.	239.7	2.734
1294.	240.0	2.734
1295.	240.1	2.734
1296.	240.3	2.733
1297.	240.4	2.733
1298.	240.5	2.733
1299.	240.8	2.733
1300.	240.9	2.733
1301.	241.1	2.732
1302.	241.2	2.732
1303.	241.5	2.732
1304.	241.6	2.732
1305.	241.7	2.732
1306.	241.9	2.732
1307.	242.0	2.732
1308.	242.2	2.732
1309.	242.3	2.731
1310.	242.4	2.731
1311.	242.5	2.731
1312.	242.7	2.731
1313.	243.0	2.731
1314.	243.1	2.731
1315.	243.4	2.731
1316.	243.5	2.731
1317.	243.7	2.730
1318.	243.9	2.730
1319.	244.0	2.730
1320.	244.2	2.730
1321.	244.3	2.730
1322.	244.5	2.730
1323.	244.8	2.729
1324.	245.0	2.729
1325.	245.1	2.729
1326.	245.3	2.729
1327.	245.5	2.729
1328.	245.6	2.729
1329.	245.8	2.729
1330.	246.0	2.729
1331.	246.2	2.729
1332.	246.3	2.728
1333.	246.5	2.728
1334.	246.7	2.728
1335.	246.9	2.728
1336.	247.0	2.728
1337.	247.2	2.728
1338.	247.5	2.728
1339.	247.6	2.727
1340.	247.7	2.727
1341.	248.0	2.727
1342.	248.2	2.727
1343.	248.2	2.727
1344.	248.5	2.727
1345.	248.7	2.726
1346.	248.9	2.726
1347.	249.0	2.726
1348.	249.1	2.726
1349.	249.3	2.726
1350.	249.5	2.725
1351.	249.6	2.725
1352.	249.8	2.725
1353.	249.9	2.725
1354.	250.1	2.725
1355.	250.2	2.725
1356.	250.4	2.724
1357.	250.5	2.724
1358.	250.7	2.724
1359.	250.8	2.724
1360.	250.9	2.724
1361.	251.1	2.724
1362.	251.3	2.724
1363.	251.5	2.723
1364.	251.6	2.723
1365.	251.8	2.723
1366.	251.9	2.723
1367.	252.0	2.723
1368.	252.2	2.723
1369.	252.3	2.722
1370.	252.4	2.722
1371.	252.7	2.722
1372.	252.9	2.722
1373.	253.1	2.722
1374.	253.3	2.722
1375.	253.4	2.722
1376.	253.5	2.722
1377.	253.7	2.722
1378.	253.8	2.721
1379.	254.0	2.721
1380.	254.2	2.721
1381.	254.4	2.721
1382.	254.5	2.721
1383.	254.6	2.721
1384.	254.8	2.720
1385.	255.0	2.720
1386.	255.1	2.720
1387.	255.3	2.720
1388.	255.5	2.720
1389.	255.6	2.720
1390.	255.8	2.720
1391.	256.0	2.719
1392.	256.2	2.719
1393.	256.4	2.719
1394.	256.5	2.719
1395.	256.8	2.719
1396.	256.9	2.719
1397.	257.2	2.718
1398.	257.3	2.718
1399.	257.4	2.718
1400.	257.6	2.718
1401.	257.8	2.718
1402.	257.9	2.718
1403.	258.2	2.717
1404.	258.4	2.717
1405.	258.6	2.717
1406.	258.7	2.717
1407.	258.9	2.717
1408.	259.1	2.717
1409.	259.2	2.717
1410.	259.4	2.717
1411.	259.6	2.716
1412.	259.8	2.716
1413.	260.0	2.716
1414.	260.2	2.716
1415.	260.4	2.716
1416.	260.6	2.715
1417.	260.8	2.715
1418.	260.9	2.715
1419.	261.1	2.715
1420.	261.3	2.715
1421.	261.5	2.715
1422.	261.6	2.714
1423.	261.8	2.714
1424.	261.9	2.714
1425.	262.1	2.714
1426.	262.3	2.714
1427.	262.5	2.713
1428.	262.6	2.713
1429.	262.8	2.713
1430.	262.9	2.713
1431.	263.1	2.713
1432.	263.2	2.713
1433.	263.4	2.712
1434.	263.5	2.712
1435.	263.7	2.712
1436.	263.8	2.712
1437.	264.0	2.712
1438.	264.1	2.712
1439.	264.4	2.712
1440.	264.4	2.711
1441.	264.5	2.711
1442.	264.7	2.711
1443.	264.8	2.711
1444.	265.0	2.711
1445.	265.1	2.711
1446.	265.3	2.710
1447.	265.4	2.710
1448.	265.6	2.710
1449.	265.8	2.710
1450.	265.9	2.710
1451.	266.1	2.710
1452.	266.3	2.710
1453.	266.4	2.709
1454.	266.5	2.709
1455.	266.7	2.709
1456.	266.8	2.709
1457.	267.0	2.709
1458.	267.2	2.709
1459.	267.4	2.709
1460.	267.5	2.708
1461.	267.7	2.708
1462.	267.9	2.708
1463.	268.1	2.708
1464.	268.2	2.708
1465.	268.4	2.708
1466.	268.5	2.708
1467.	268.7	2.707
1468.	268.9	2.707
1469.	269.0	2.707
1470.	269.3	2.707
1471.	269.4	2.707
1472.	269.6	2.707
1473.	269.8	2.707
1474.	270.0	2.706
1475.	270.2	2.706
1476.	270.4	2.706
1477.	270.6	2.706
1478.	270.7	2.706
1479.	271.0	2.706
1480.	271.2	2.706
1481.	271.3	2.705
1482.	271.5	2.705
1483.	271.6	2.705
1484.	271.8	2.705
1485.	272.0	2.705
1486.	272.3	2.705
1487.	272.4	2.704
1488.	272.6	2.704
1489.	272.8	2.704
1490.	272.9	2.704
1491.	273.1	2.703
1492.	273.3	2.703
1493.	273.4	2.703
1494.	273.6	2.703
1495.	273.8	2.703
1496.	273.9	2.703
1497.	274.2	2.702
1498.	274.3	2.702
1499.	274.4	2.702
1500.	274.6	2.702
1501.	274.7	2.702
1502.	274.9	2.702
1503.	275.1	2.702
1504.	275.2	2.701
1505.	275.4	2.701
1506.	275.5	2.701
1507.	275.6	2.701
1508.	275.8	2.701
1509.	275.9	2.700
1510.	276.1	2.700
1511.	276.2	2.700
1512.	276.4	2.700
1513.	276.5	2.700
1514.	276.7	2.700
1515.	276.8	2.700
1516.	276.9	2.699
1517.	277.1	2.699
1518.	277.3	2.699
1519.	277.4	2.699
1520.	277.6	2.699
1521.	277.8	2.698
1522.	277.9	2.698
1523.	278.1	2.698
1524.	278.2	2.698
1525.	278.4	2.698
1526.	278.5	2.698
1527.	278.7	2.698
1528.	278.8	2.698
1529.	279.0	2.697
1530.	279.2	2.697
1531.	279.4	2.697
1532.	279.6	2.697
1533.	279.8	2.697
1534.	280.0	2.697
1535.	280.1	2.696
1536.	280.4	2.696
1537.	280.5	2.696
1538.	280.6	2.696
1539.	280.8	2.696
1540.	281.0	2.696
1541.	281.2	2.695
1542.	281.4	2.695
1543.	281.5	2.695
1544.	281.7	2.695
1545.	282.0	2.695
1546.	282.0	2.695
1547.	282.3	2.695
1548.	282.4	2.694
1549.	282.6	2.694
1550.	282.8	2.694
1551.	283.0	2.694
1552.	283.2	2.693
1553.	283.3	2.693
1554.	283.5	2.693
1555.	283.7	2.693
1556.	283.9	2.693
1557.	284.0	2.692
1558.	284.1	2.692
1559.	284.3	2.692
1560.	284.5	2.692
1561.	284.6	2.692
1562.	284.8	2.692
1563.	285.0	2.691
1564.	285.1	2.691
1565.	285.4	2.691
1566.	285.6	2.691
1567.	285.6	2.691
1568.	285.8	2.690
1569.	285.9	2.690
1570.	286.0	2.690
1571.	286.2	2.690
1572.	286.3	2.690
1573.	286.5	2.690
1574.	286.6	2.689
1575.	286.8	2.689
1576.	287.0	2.689
1577.	287.2	2.689
1578.	287.3	2.689
1579.	287.5	2.689
1580.	287.7	2.688
1581.	287.9	2.688
1582.	288.1	2.688
1583.	288.2	2.688
1584.	288.4	2.688
1585.	288.6	2.687
1586.	288.7	2.687
1587.	288.9	2.687
1588.	289.0	2.687
1589.	289.2	2.687
1590.	289.3	2.687
1591.	289.4	2.686
1592.	289.5	2.686
1593.	289.7	2.686
1594.	289.9	2.686
1595.	290.0	2.686
1596.	290.2	2.685
1597.	290.4	2.685
1598.	290.5	2.685
1599.	290.6	2.685
1600.	290.8	2.685
1601.	291.0	2.684
1602.	291.2	2.685
1603.	291.3	2.685
1604.	291.5	2.684
1605.	291.7	2.684
1606.	291.8	2.684
1607.	292.0	2.684
1608.	292.1	2.683
1609.	292.3	2.683
1610.	292.6	2.683
1611.	292.7	2.683
1612.	293.0	2.683
1613.	293.2	2.683
1614.	293.3	2.683
1615.	293.5	2.682
1616.	293.8	2.682
1617.	294.0	2.682
1618.	294.1	2.681
1619.	294.3	2.681
1620.	294.5	2.681
1621.	294.6	2.681
1622.	294.8	2.681
1623.	295.0	2.681
1624.	295.2	2.681
1625.	295.3	2.680
1626.	295.5	2.680
1627.	295.7	2.680
1628.	295.8	2.679
1629.	296.1	2.679
1630.	296.2	2.679
1631.	296.4	2.679
1632.	296.6	2.679
1633.	296.8	2.678
1634.	296.9	2.678
1635.	297.1	2.678
1636.	297.3	2.678
1637.	297.4	2.678
1638.	297.6	2.678
1639.	297.8	2.677
1640.	298.0	2.677
1641.	298.1	2.677
1642.	298.2	2.677
1643.	298.5	2.676
1644.	298.6	2.676
1645.	298.7	2.676
1646.	298.8	2.676
1647.	299.0	2.676
1648.	299.2	2.675
1649.	299.3	2.675
1650.	299.5	2.675
1651.	299.5	2.675
1652.	299.7	2.675
1653.	299.9	2.674
1654.	300.1	2.674
1655.	300.2	2.674
1656.	300.4	2.674
1657.	300.5	2.674
1658.	300.7	2.673
1659.	300.9	2.673
1660.	301.1	2.673
1661.	301.2	2.673
1662.	301.3	2.673
1663.	301.4	2.673
1664.	301.6	2.672
1665.	301.7	2.672
1666.	301.9	2.672
1667.	302.1	2.672
1668.	302.3	2.671
1669.	302.5	2.671
1670.	302.6	2.671
1671.	302.8	2.671
1672.	303.0	2.671
1673.	303.2	2.671
1674.	303.3	2.670
1675.	303.5	2.670
1676.	303.7	2.670
1677.	303.8	2.670
1678.	304.0	2.670
1679.	304.2	2.669
1680.	304.3	2.669
1681.	304.5	2.669
1682.	304.7	2.669
1683.	304.8	2.669
1684.	305.0	2.668
1685.	305.1	2.668
1686.	305.3	2.668
1687.	305.5	2.668
1688.	305.6	2.667
1689.	305.9	2.667
1690.	306.1	2.667
1691.	306.3	2.667
1692.	306.5	2.667
1693.	306.6	2.666
1694.	306.8	2.666
1695.	306.9	2.666
1696.	307.1	2.666
1697.	307.2	2.665
1698.	307.4	2.665
1699.	307.6	2.665
1700.	307.8	2.665
1701.	307.9	2.665
1702.	308.1	2.664
1703.	308.2	2.664
1704.	308.4	2.664
1705.	308.5	2.664
1706.	308.7	2.664
1707.	308.9	2.664
1708.	309.1	2.663
1709.	309.3	2.663
1710.	309.5	2.663
1711.	309.7	2.663
1712.	309.9	2.662
1713.	310.0	2.662
1714.	310.2	2.662
1715.	310.4	2.662
1716.	310.5	2.662
1717.	310.7	2.661
1718.	310.8	2.661
1719.	311.0	2.661
1720.	311.1	2.660
1721.	311.3	2.660
1722.	311.5	2.660
1723.	311.7	2.660
1724.	311.8	2.660
1725.	312.0	2.659
1726.	312.2	2.659
1727.	312.3	2.659
1728.	312.6	2.659
1729.	312.7	2.659
1730.	312.9	2.658
1731.	313.0	2.658
1732.	313.2	2.658
1733.	313.3	2.658
1734.	313.4	2.657
1735.	313.6	2.657
1736.	313.7	2.657
1737.	313.9	2.657
1738.	314.0	2.656
1739.	314.2	2.656
1740.	314.3	2.656
1741.	314.5	2.656
1742.	314.6	2.656
1743.	314.8	2.655
1744.	315.0	2.655
1745.	315.1	2.655
1746.	315.2	2.655
1747.	315.4	2.654
1748.	315.5	2.654
1749.	315.7	2.654
1750.	315.9	2.654
1751.	316.0	2.654
1752.	316.1	2.654
1753.	316.3	2.653
1754.	316.5	2.653
1755.	316.7	2.653
1756.	316.8	2.653
1757.	317.1	2.652
1758.	317.2	2.652
1759.	317.4	2.652
1760.	317.5	2.652
1761.	317.7	2.651
1762.	317.9	2.651
1763.	318.0	2.651
1764.	318.1	2.651
1765.	318.4	2.650
1766.	318.5	2.650
1767.	318.7	2.650
1768.	318.9	2.650
1769.	319.0	2.650
1770.	319.2	2.650
1771.	319.3	2.649
1772.	319.5	2.649
1773.	319.7	2.649
1774.	319.9	2.649
1775.	320.1	2.648
1776.	320.2	2.648
1777.	320.4	2.648
1778.	320.6	2.648
1779.	320.8	2.648
1780.	321.0	2.647
1781.	321.1	2.647
1782.	321.4	2.647
1783.	321.5	2.647
1784.	321.7	2.646
1785.	321.8	2.646
1786.	322.0	2.645
1787.	322.2	2.645
1788.	322.4	2.645
1789.	322.5	2.645
1790.	322.7	2.645
1791.	322.8	2.644
1792.	323.0	2.644
1793.	323.3	2.644
1794.	323.4	2.644
1795.	323.6	2.644
1796.	323.7	2.643
1797.	323.8	2.643
1798.	324.1	2.643
1799.	324.2	2.643
1800.	324.4	2.643
1801.	324.5	2.642
1802.	324.6	2.642
1803.	324.7	2.642
1804.	325.0	2.642
1805.	325.3	2.641
1806.	325.3	2.641
1807.	325.4	2.641
1808.	325.6	2.640
1809.	325.8	2.640
1810.	325.9	2.640
1811.	326.0	2.640
1812.	326.2	2.640
1813.	326.4	2.640
1814.	326.6	2.639
1815.	326.7	2.639
1816.	326.9	2.639
1817.	327.1	2.639
1818.	327.2	2.639
1819.	327.4	2.639
1820.	327.5	2.638
1821.	327.7	2.638
1822.	327.8	2.638
1823.	328.0	2.637
1824.	328.1	2.637
1825.	328.3	2.637
1826.	328.5	2.637
1827.	328.7	2.636
1828.	328.9	2.636
1829.	329.1	2.636
1830.	329.3	2.636
1831.	329.5	2.635
1832.	329.7	2.635
1833.	329.8	2.635
1834.	330.0	2.635
1835.	330.1	2.635
1836.	330.4	2.634
1837.	330.5	2.634
1838.	330.7	2.634
1839.	330.8	2.633
1840.	331.0	2.633
1841.	331.2	2.633
1842.	331.4	2.633
1843.	331.6	2.633
1844.	331.7	2.632
1845.	332.0	2.632
1846.	332.1	2.632
1847.	332.3	2.631
1848.	332.4	2.631
1849.	332.6	2.631
1850.	332.6	2.631
1851.	332.8	2.631
1852.	333.0	2.630
1853.	333.2	2.630
1854.	333.3	2.630
1855.	333.5	2.630
1856.	333.6	2.630
1857.	333.7	2.629
1858.	333.9	2.629
1859.	334.1	2.629
1860.	334.2	2.629
1861.	334.4	2.628
1862.	334.5	2.628
1863.	334.8	2.628
1864.	334.9	2.627
1865.	335.1	2.627
1866.	335.2	2.627
1867.	335.4	2.627
1868.	335.5	2.627
1869.	335.7	2.626
1870.	335.9	2.626
1871.	336.1	2.626
1872.	336.3	2.626
1873.	336.4	2.625
1874.	336.5	2.625
1875.	336.6	2.625
1876.	336.8	2.625
1877.	337.0	2.624
1878.	337.2	2.624
1879.	337.3	2.624
1880.	337.5	2.624
1881.	337.6	2.623
1882.	337.9	2.623
1883.	338.0	2.623
1884.	338.2	2.623
1885.	338.3	2.623
1886.	338.5	2.622
1887.	338.7	2.621
1888.	338.9	2.621
1889.	339.1	2.621
1890.	339.3	2.621
1891.	339.5	2.621
1892.	339.6	2.621
1893.	339.8	2.621
1894.	339.9	2.621
1895.	340.1	2.620
1896.	340.3	2.620
1897.	340.5	2.620
1898.	340.7	2.620
1899.	340.8	2.619
1900.	341.0	2.619
1901.	341.1	2.618
1902.	341.3	2.618
1903.	341.4	2.618
1904.	341.6	2.618
1905.	341.7	2.618
1906.	341.9	2.617
1907.	342.1	2.617
1908.	342.3	2.617
1909.	342.5	2.616
1910.	342.6	2.616
1911.	342.8	2.616
1912.	342.9	2.616
1913.	343.0	2.615
1914.	343.2	2.615
1915.	343.4	2.615
1916.	343.6	2.614
1917.	343.7	2.614
1918.	343.9	2.614
1919.	344.1	2.614
1920.	344.2	2.613
1921.	344.3	2.613
1922.	344.4	2.613
1923.	344.6	2.613
1924.	344.8	2.612
1925.	344.9	2.612
1926.	345.1	2.612
1927.	345.3	2.611
1928.	345.5	2.611
1929.	345.7	2.611
1930.	345.8	2.611
1931.	346.0	2.611
1932.	346.2	2.610
1933.	346.4	2.610
1934.	346.6	2.610
1935.	346.7	2.609
1936.	346.9	2.609
1937.	347.0	2.609
1938.	347.3	2.608
1939.	347.5	2.608
1940.	347.6	2.608
1941.	347.8	2.607
1942.	348.0	2.607
1943.	348.2	2.607
1944.	348.3	2.607
1945.	348.5	2.606
1946.	348.6	2.606
1947.	348.8	2.606
1948.	349.0	2.605
1949.	349.1	2.605
1950.	349.3	2.605
1951.	349.5	2.604
1952.	349.6	2.604
1953.	349.8	2.604
1954.	350.0	2.604
1955.	350.2	2.603
1956.	350.4	2.603
1957.	350.5	2.603
1958.	350.7	2.602
1959.	351.0	2.602
1960.	351.1	2.602
1961.	351.3	2.602
1962.	351.5	2.601
1963.	351.7	2.601
1964.	351.9	2.601
1965.	352.0	2.600
1966.	352.2	2.600
1967.	352.3	2.599
1968.	352.4	2.599
1969.	352.6	2.599
1970.	352.7	2.599
1971.	352.9	2.598
1972.	353.0	2.598
1973.	353.2	2.598
1974.	353.3	2.597
1975.	353.4	2.597
1976.	353.6	2.597
1977.	353.7	2.597
1978.	353.8	2.596
1979.	354.0	2.596
1980.	354.2	2.596
1981.	354.3	2.595
1982.	354.5	2.595
1983.	354.7	2.595
1984.	354.9	2.595
1985.	355.0	2.594
1986.	355.1	2.594
1987.	355.3	2.594
1988.	355.6	2.593
1989.	355.8	2.593
1990.	355.9	2.592
1991.	356.1	2.592
1992.	356.3	2.592
1993.	356.4	2.592
1994.	356.7	2.591
1995.	356.9	2.591
1996.	357.1	2.591
1997.	357.3	2.590
1998.	357.4	2.590
1999.	357.6	2.589
2000.	357.8	2.589
2001.	357.9	2.588
2002.	358.0	2.588
2003.	358.2	2.588
2004.	358.3	2.588
2005.	358.5	2.587
2006.	358.7	2.587
2007.	358.9	2.587
2008.	358.9	2.587
2009.	359.1	2.586
2010.	359.3	2.586
2011.	359.6	2.585
2012.	359.8	2.585
2013.	359.9	2.584
2014.	360.1	2.584
2015.	360.2	2.584
2016.	360.4	2.583
2017.	360.5	2.583
2018.	360.7	2.583
2019.	360.8	2.582
2020.	361.1	2.582
2021.	361.3	2.582
2022.	361.4	2.581
2023.	361.6	2.581
2024.	361.7	2.581
2025.	361.8	2.580
2026.	362.0	2.580
2027.	362.2	2.580
2028.	362.4	2.579
2029.	362.5	2.579
2030.	362.7	2.579
2031.	362.9	2.578
2032.	363.2	2.578
2033.	363.3	2.577
2034.	363.5	2.577
2035.	363.7	2.577
2036.	363.9	2.576
2037.	364.1	2.576
2038.	364.2	2.575
2039.	364.4	2.575
2040.	364.6	2.575
2041.	364.8	2.574
2042.	364.8	2.574
2043.	365.0	2.573
2044.	365.2	2.573
2045.	365.3	2.573
2046.	365.5	2.572
2047.	365.7	2.572
2048.	365.8	2.572
2049.	366.0	2.571
2050.	366.2	2.571
2051.	366.3	2.570
2052.	366.5	2.570
2053.	366.6	2.570
2054.	366.8	2.569
2055.	366.9	2.569
2056.	367.0	2.568
2057.	367.2	2.568
2058.	367.3	2.568
2059.	367.4	2.567
2060.	367.6	2.567
2061.	367.7	2.566
2062.	367.9	2.566
2063.	368.0	2.566
2064.	368.2	2.565
2065.	368.3	2.565
2066.	368.5	2.564
2067.	368.6	2.564
2068.	368.8	2.563
2069.	369.0	2.563
2070.	369.2	2.563
2071.	369.3	2.562
2072.	369.5	2.562
2073.	369.7	2.562
2074.	369.8	2.561
2075.	370.0	2.561
2076.	370.2	2.561
2077.	370.4	2.560
2078.	370.5	2.559
2079.	370.7	2.559
2080.	370.9	2.558
2081.	371.0	2.558
2082.	371.3	2.558
2083.	371.5	2.557
2084.	371.6	2.557
2085.	371.8	2.557
2086.	371.9	2.556
2087.	372.2	2.556
2088.	372.3	2.555
2089.	372.5	2.555
2090.	372.6	2.554
2091.	372.8	2.554
2092.	373.0	2.553
2093.	373.2	2.553
2094.	373.4	2.553
2095.	373.5	2.552
2096.	373.7	2.552
2097.	373.9	2.551
2098.	374.1	2.551
2099.	374.2	2.550
2100.	374.4	2.549
2101.	374.5	2.549
2102.	374.7	2.549
2103.	374.8	2.548
2104.	375.0	2.548
2105.	375.2	2.547
2106.	375.4	2.547
2107.	375.5	2.546
2108.	375.7	2.546
2109.	375.9	2.545
2110.	376.1	2.544
2111.	376.2	2.544
2112.	376.4	2.544
2113.	376.5	2.543
2114.	376.6	2.543
2115.	376.8	2.542
2116.	377.0	2.542
2117.	377.2	2.541
2118.	377.2	2.541
2119.	377.5	2.540
2120.	377.7	2.540
2121.	377.8	2.539
2122.	378.0	2.539
2123.	378.1	2.538
2124.	378.4	2.538
2125.	378.4	2.537
2126.	378.6	2.537
2127.	378.8	2.536
2128.	379.0	2.536
2129.	379.2	2.535
2130.	379.4	2.535
2131.	379.6	2.534
2132.	379.7	2.534
2133.	379.9	2.533
2134.	380.1	2.532
2135.	380.3	2.532
2136.	380.5	2.531
2137.	380.6	2.531
2138.	380.8	2.530
2139.	380.9	2.530
2140.	381.0	2.529
2141.	381.2	2.529
2142.	381.4	2.528
2143.	381.5	2.527
2144.	381.8	2.527
2145.	381.9	2.526
2146.	382.0	2.525
2147.	382.2	2.525
2148.	382.3	2.525
2149.	382.5	2.524
2150.	382.7	2.524
2151.	382.8	2.523
2152.	383.0	2.523
2153.	383.1	2.522
2154.	383.3	2.521
2155.	383.5	2.520
2156.	383.7	2.520
2157.	383.9	2.520
2158.	384.0	2.519
2159.	384.1	2.519
2160.	384.3	2.518
2161.	384.4	2.517
2162.	384.6	2.517
2163.	384.7	2.516
2164.	384.9	2.515
2165.	385.1	2.515
2166.	385.3	2.514
2167.	385.5	2.513
2168.	385.6	2.513
2169.	385.8	2.512
2170.	385.9	2.512
2171.	386.1	2.511
2172.	386.3	2.511
2173.	386.4	2.510
2174.	386.5	2.509
2175.	386.8	2.509
2176.	386.9	2.508
2177.	387.0	2.507
2178.	387.1	2.506
2179.	387.4	2.506
2180.	387.6	2.505
2181.	387.7	2.505
2182.	387.9	2.504
2183.	388.0	2.504
2184.	388.2	2.503
2185.	388.3	2.502
2186.	388.5	2.502
2187.	388.7	2.501
2188.	388.9	2.500
2189.	389.1	2.500
2190.	389.2	2.499
2191.	389.4	2.498
2192.	389.5	2.498
2193.	389.7	2.497
2194.	389.9	2.496
2195.	390.1	2.496
2196.	390.2	2.495
2197.	390.3	2.494
2198.	390.4	2.494
2199.	390.6	2.493
2200.	390.9	2.492
2201.	390.9	2.491
2202.	391.1	2.491
2203.	391.3	2.490
2204.	391.5	2.489
2205.	391.7	2.489
2206.	391.8	2.488
2207.	392.0	2.487
2208.	392.1	2.486
2209.	392.3	2.486
2210.	392.5	2.485
2211.	392.7	2.485
2212.	393.0	2.484
2213.	393.2	2.483
2214.	393.3	2.482
2215.	393.5	2.482
2216.	393.7	2.481
2217.	393.8	2.480
2218.	394.0	2.480
2219.	394.1	2.479
2220.	394.3	2.478
2221.	394.5	2.477
2222.	394.6	2.477
2223.	394.8	2.476
2224.	395.0	2.475
2225.	395.1	2.475
2226.	395.3	2.474
2227.	395.5	2.473
2228.	395.6	2.472
2229.	395.8	2.472
2230.	395.9	2.471
2231.	396.2	2.470
2232.	396.3	2.469
2233.	396.5	2.469
2234.	396.6	2.467
2235.	396.8	2.467
2236.	396.9	2.466
2237.	397.1	2.466
2238.	397.3	2.465
2239.	397.4	2.464
2240.	397.5	2.463
2241.	397.7	2.462
2242.	398.0	2.462
2243.	398.1	2.461
2244.	398.2	2.460
2245.	398.4	2.459
2246.	398.6	2.458
2247.	398.7	2.458
2248.	398.9	2.457
2249.	399.0	2.456
2250.	399.2	2.455
2251.	399.4	2.454
2252.	399.5	2.453
2253.	399.6	2.452
2254.	399.9	2.452
2255.	400.0	2.451
2256.	400.1	2.450
2257.	400.3	2.449
2258.	400.5	2.448
2259.	400.6	2.448
2260.	400.8	2.447
2261.	400.9	2.446
2262.	401.1	2.445
2263.	401.3	2.444
2264.	401.5	2.443
2265.	401.6	2.442
2266.	401.8	2.441
2267.	401.9	2.441
2268.	402.1	2.440
2269.	402.2	2.439
2270.	402.4	2.438
2271.	402.6	2.437
2272.	402.8	2.436
2273.	403.0	2.435
2274.	403.2	2.434
2275.	403.3	2.433
2276.	403.6	2.433
2277.	403.7	2.431
2278.	403.9	2.431
2279.	404.1	2.430
2280.	404.2	2.429
2281.	404.4	2.428
2282.	404.6	2.427
2283.	404.7	2.426
2284.	405.0	2.425
2285.	405.2	2.424
2286.	405.4	2.423
2287.	405.6	2.422
2288.	405.7	2.421
2289.	405.9	2.420
2290.	406.1	2.419
2291.	406.3	2.418
2292.	406.4	2.417
2293.	406.6	2.416
2294.	406.7	2.415
2295.	406.9	2.414
2296.	407.1	2.413
2297.	407.2	2.412
2298.	407.3	2.411
2299.	407.5	2.410
2300.	407.6	2.409
2301.	407.8	2.408
2302.	407.9	2.407
2303.	408.1	2.406
2304.	408.3	2.405
2305.	408.5	2.404
2306.	408.6	2.403
2307.	408.8	2.402
2308.	409.0	2.401
2309.	409.1	2.400
2310.	409.2	2.399
2311.	409.4	2.398
2312.	409.6	2.397
2313.	409.7	2.396
2314.	410.0	2.395
2315.	410.2	2.394
2316.	410.3	2.392
2317.	410.5	2.392
2318.	410.6	2.391
2319.	410.8	2.390
2320.	410.9	2.389
2321.	411.1	2.388
2322.	411.3	2.387
2323.	411.4	2.385
2324.	411.6	2.385
2325.	411.8	2.383
2326.	412.0	2.382
2327.	412.1	2.381
2328.	412.2	2.380
2329.	412.4	2.379
2330.	412.6	2.378
2331.	412.8	2.377
2332.	413.0	2.376
2333.	413.1	2.375
2334.	413.3	2.373
2335.	413.5	2.373
2336.	413.6	2.371
2337.	413.8	2.370
2338.	414.0	2.369
2339.	414.1	2.368
2340.	414.3	2.367
2341.	414.4	2.366
2342.	414.6	2.365
2343.	414.8	2.364
2344.	414.9	2.363
2345.	415.1	2.362
2346.	415.2	2.361
2347.	415.4	2.360
2348.	415.6	2.358
2349.	415.7	2.357
2350.	415.9	2.356
2351.	416.1	2.355
2352.	416.2	2.354
2353.	416.4	2.353
2354.	416.5	2.352
2355.	416.6	2.351
2356.	416.9	2.350
2357.	417.0	2.349
2358.	417.2	2.348
2359.	417.3	2.346
2360.	417.6	2.345
2361.	417.7	2.344
2362.	417.9	2.343
2363.	418.1	2.342
2364.	418.3	2.341
2365.	418.5	2.340
2366.	418.7	2.339
2367.	418.8	2.338
2368.	418.9	2.337
2369.	419.1	2.336
2370.	419.3	2.335
2371.	419.5	2.334
2372.	419.7	2.332
2373.	419.9	2.332
2374.	420.1	2.331
2375.	420.2	2.330
2376.	420.4	2.329
2377.	420.6	2.327
2378.	420.7	2.327
2379.	420.9	2.326
2380.	421.0	2.325
2381.	421.1	2.323
2382.	421.3	2.322
2383.	421.5	2.321
2384.	421.6	2.320
2385.	421.8	2.320
2386.	422.0	2.318
2387.	422.1	2.317
2388.	422.3	2.316
2389.	422.4	2.315
2390.	422.6	2.314
2391.	422.8	2.314
2392.	422.9	2.313
2393.	423.1	2.312
2394.	423.2	2.311
2395.	423.4	2.310
2396.	423.5	2.309
2397.	423.7	2.308
2398.	423.9	2.307
2399.	424.0	2.307
2400.	424.2	2.306
2401.	424.4	2.305
2402.	424.6	2.304
2403.	424.8	2.303
2404.	425.0	2.303
2405.	425.1	2.302
2406.	425.3	2.301
2407.	425.5	2.300
2408.	425.7	2.299
2409.	425.9	2.298
2410.	426.0	2.298
2411.	426.2	2.297
2412.	426.4	2.296
2413.	426.5	2.295
2414.	426.7	2.294
2415.	426.9	2.294
2416.	427.0	2.293
2417.	427.1	2.292
2418.	427.4	2.292
2419.	427.6	2.291
2420.	427.7	2.290
2421.	428.0	2.289
2422.	428.1	2.289
2423.	428.3	2.288
2424.	428.4	2.288
2425.	428.6	2.287
2426.	428.8	2.286
2427.	428.9	2.286
2428.	429.2	2.285
2429.	429.3	2.284
2430.	429.5	2.284
2431.	429.6	2.283
2432.	429.7	2.283
2433.	429.9	2.282
2434.	430.1	2.281
2435.	430.3	2.281
2436.	430.4	2.280
2437.	430.6	2.279
2438.	430.7	2.279
2439.	430.8	2.278
2440.	431.0	2.277
2441.	431.1	2.276
2442.	431.3	2.276
2443.	431.5	2.276
2444.	431.6	2.275
2445.	431.7	2.274
2446.	431.9	2.274
2447.	432.1	2.274
2448.	432.3	2.273
2449.	432.4	2.272
2450.	432.6	2.272
2451.	432.8	2.271
2452.	433.0	2.271
2453.	433.2	2.270
2454.	433.3	2.270
2455.	433.4	2.269
2456.	433.6	2.269
2457.	433.7	2.268
2458.	433.9	2.268
2459.	434.1	2.267
2460.	434.2	2.267
2461.	434.4	2.266
2462.	434.7	2.266
2463.	434.8	2.265
2464.	435.0	2.264
2465.	435.2	2.264
2466.	435.4	2.263
2467.	435.5	2.263
2468.	435.7	2.262
2469.	435.9	2.262
2470.	436.1	2.261
2471.	436.2	2.260
2472.	436.4	2.260
2473.	436.6	2.259
2474.	436.7	2.259
2475.	437.0	2.258
2476.	437.1	2.258
2477.	437.3	2.257
2478.	437.5	2.256
2479.	437.6	2.256
2480.	437.8	2.255
2481.	438.0	2.255
2482.	438.1	2.254
2483.	438.3	2.254
2484.	438.4	2.253
2485.	438.6	2.253
2486.	438.7	2.252
2487.	438.9	2.252
2488.	439.1	2.251
2489.	439.2	2.250
2490.	439.3	2.250
2491.	439.5	2.250
2492.	439.7	2.249
2493.	439.9	2.249
2494.	440.1	2.248
2495.	440.2	2.248
2496.	440.3	2.247
2497.	440.5	2.247
2498.	440.6	2.246
2499.	440.8	2.246
2500.	440.9	2.245
2501.	441.1	2.245
2502.	441.3	2.244
2503.	441.4	2.244
2504.	441.6	2.243
2505.	441.8	2.243
2506.	441.9	2.242
2507.	442.1	2.242
2508.	442.3	2.241
2509.	442.5	2.240
2510.	442.7	2.240
2511.	442.9	2.240
2512.	443.0	2.239
2513.	443.2	2.238
2514.	443.4	2.238
2515.	443.5	2.238
2516.	443.7	2.237
2517.	443.9	2.236
2518.	444.1	2.236
2519.	444.2	2.235
2520.	444.4	2.235
2521.	444.6	2.234
2522.	444.7	2.234
2523.	444.9	2.233
2524.	445.1	2.233
2525.	445.2	2.232
2526.	445.4	2.232
2527.	445.5	2.231
2528.	445.8	2.231
2529.	446.0	2.231
2530.	446.2	2.230
2531.	446.4	2.229
2532.	446.5	2.229
2533.	446.7	2.229
2534.	446.8	2.228
2535.	447.0	2.228
2536.	447.2	2.227
2537.	447.4	2.227
2538.	447.5	2.226
2539.	447.7	2.226
2540.	447.9	2.225
2541.	448.0	2.225
2542.	448.2	2.224
2543.	448.3	2.224
2544.	448.5	2.223
2545.	448.6	2.223
2546.	448.7	2.222
2547.	448.9	2.222
2548.	449.1	2.221
2549.	449.2	2.221
2550.	449.3	2.221
2551.	449.5	2.220
2552.	449.7	2.219
2553.	449.8	2.219
2554.	450.0	2.219
2555.	450.1	2.218
2556.	450.3	2.217
2557.	450.5	2.217
2558.	450.6	2.217
2559.	450.9	2.216
2560.	451.0	2.216
2561.	451.2	2.215
2562.	451.4	2.215
2563.	451.5	2.215
2564.	451.7	2.214
2565.	451.8	2.214
2566.	452.0	2.213
2567.	452.1	2.213
2568.	452.3	2.212
2569.	452.5	2.212
2570.	452.7	2.211
2571.	452.8	2.211
2572.	453.0	2.210
2573.	453.1	2.210
2574.	453.3	2.209
2575.	453.5	2.209
2576.	453.6	2.209
2577.	453.8	2.208
2578.	454.0	2.208
2579.	454.1	2.207
2580.	454.3	2.207
2581.	454.5	2.206
2582.	454.7	2.206
2583.	454.9	2.206
2584.	455.1	2.205
2585.	455.2	2.205
2586.	455.4	2.204
2587.	455.6	2.204
2588.	455.7	2.204
2589.	455.9	2.203
2590.	456.0	2.202
2591.	456.2	2.202
2592.	456.4	2.202
2593.	456.6	2.201
2594.	456.8	2.201
2595.	457.0	2.200
2596.	457.1	2.200
2597.	457.3	2.200
2598.	457.4	2.199
2599.	457.6	2.199
2600.	457.8	2.199
2601.	458.0	2.198
2602.	458.1	2.198
2603.	458.2	2.198
2604.	458.4	2.197
2605.	458.6	2.197
2606.	458.7	2.197
2607.	458.9	2.196
2608.	459.0	2.196
2609.	459.2	2.196
2610.	459.3	2.195
2611.	459.5	2.195
2612.	459.6	2.194
2613.	459.8	2.194
2614.	459.9	2.194
2615.	460.1	2.193
2616.	460.3	2.193
2617.	460.5	2.192
2618.	460.6	2.192
2619.	460.8	2.192
2620.	460.9	2.192
2621.	461.1	2.191
2622.	461.3	2.191
2623.	461.5	2.191
2624.	461.7	2.190
2625.	461.8	2.190
2626.	462.0	2.190
2627.	462.2	2.189
2628.	462.3	2.188
2629.	462.4	2.188
2630.	462.6	2.188
2631.	462.8	2.188
2632.	463.0	2.187
2633.	463.2	2.187
2634.	463.3	2.187
2635.	463.5	2.186
2636.	463.7	2.186
2637.	463.8	2.186
2638.	464.1	2.185
2639.	464.2	2.185
2640.	464.4	2.185
2641.	464.5	2.185
2642.	464.7	2.184
2643.	464.9	2.184
2644.	465.1	2.183
2645.	465.2	2.183
2646.	465.3	2.183
2647.	465.5	2.183
2648.	465.7	2.182
2649.	465.9	2.182
2650.	466.0	2.182
2651.	466.2	2.181
2652.	466.4	2.181
2653.	466.5	2.181
2654.	466.8	2.180
2655.	466.9	2.180
2656.	467.1	2.180
2657.	467.3	2.180
2658.	467.5	2.179
2659.	467.7	2.179
2660.	467.9	2.178
2661.	468.0	2.178
2662.	468.2	2.178
2663.	468.4	2.178
2664.	468.5	2.178
2665.	468.7	2.177
2666.	468.9	2.177
2667.	468.9	2.177
2668.	469.1	2.177
2669.	469.3	2.176
2670.	469.4	2.176
2671.	469.6	2.176
2672.	469.7	2.176
2673.	469.9	2.175
2674.	470.1	2.175
2675.	470.2	2.175
2676.	470.4	2.175
2677.	470.6	2.174
2678.	470.7	2.174
2679.	470.8	2.174
2680.	471.0	2.173
2681.	471.1	2.173
2682.	471.3	2.173
2683.	471.4	2.173
2684.	471.6	2.173
2685.	471.7	2.172
2686.	471.9	2.172
2687.	472.0	2.172
2688.	472.2	2.172
2689.	472.4	2.171
2690.	472.5	2.171
2691.	472.7	2.171
2692.	472.8	2.171
2693.	473.1	2.170
2694.	473.2	2.170
2695.	473.4	2.170
2696.	473.6	2.170
2697.	473.7	2.169
2698.	474.0	2.169
2699.	474.2	2.169
2700.	474.3	2.169
2701.	474.5	2.169
2702.	474.7	2.168
2703.	474.9	2.168
2704.	475.0	2.168
2705.	475.2	2.168
2706.	475.4	2.168
2707.	475.5	2.167
2708.	475.8	2.167
2709.	475.9	2.167
2710.	476.1	2.167
2711.	476.2	2.166
2712.	476.4	2.166
2713.	476.6	2.166
2714.	476.7	2.166
2715.	476.9	2.165
2716.	477.0	2.165
2717.	477.3	2.165
2718.	477.5	2.165
2719.	477.7	2.164
2720.	477.9	2.164
2721.	478.0	2.164
2722.	478.1	2.164
2723.	478.3	2.164
2724.	478.4	2.163
2725.	478.6	2.163
2726.	478.8	2.163
2727.	479.0	2.163
2728.	479.2	2.163
2729.	479.3	2.163
2730.	479.5	2.162
2731.	479.7	2.162
2732.	479.8	2.162
2733.	480.0	2.162
2734.	480.2	2.162
2735.	480.3	2.161
2736.	480.5	2.161
2737.	480.7	2.161
2738.	480.8	2.161
2739.	480.9	2.161
2740.	481.1	2.161
2741.	481.3	2.160
2742.	481.5	2.160
2743.	481.7	2.160
2744.	481.9	2.160
2745.	482.0	2.159
2746.	482.2	2.159
2747.	482.3	2.159
2748.	482.5	2.159
2749.	482.6	2.159
2750.	482.8	2.159
2751.	483.0	2.159
2752.	483.2	2.158
2753.	483.3	2.158
2754.	483.4	2.158
2755.	483.6	2.158
2756.	483.7	2.158
2757.	483.9	2.158
2758.	484.1	2.158
2759.	484.3	2.157
2760.	484.4	2.157
2761.	484.6	2.157
2762.	484.8	2.157
2763.	484.9	2.157
2764.	485.1	2.157
2765.	485.3	2.157
2766.	485.5	2.157
2767.	485.6	2.156
2768.	485.7	2.156
2769.	486.0	2.156
2770.	486.1	2.156
2771.	486.2	2.156
2772.	486.4	2.156
2773.	486.6	2.156
2774.	486.8	2.156
2775.	486.9	2.155
2776.	487.1	2.155
2777.	487.2	2.155
2778.	487.4	2.155
2779.	487.6	2.155
2780.	487.8	2.155
2781.	487.9	2.154
2782.	488.1	2.154
2783.	488.2	2.154
2784.	488.4	2.154
2785.	488.5	2.154
2786.	488.6	2.154
2787.	488.8	2.154
2788.	489.1	2.153
2789.	489.2	2.153
2790.	489.4	2.153
2791.	489.6	2.153
2792.	489.7	2.153
2793.	489.9	2.153
2794.	490.1	2.153
2795.	490.2	2.153
2796.	490.3	2.152
2797.	490.5	2.152
2798.	490.7	2.152
2799.	490.9	2.152
2800.	491.0	2.152
2801.	491.2	2.152
2802.	491.5	2.151
2803.	491.6	2.152
2804.	491.8	2.151
2805.	491.9	2.151
2806.	492.1	2.151
2807.	492.3	2.151
2808.	492.4	2.151
2809.	492.6	2.151
2810.	492.8	2.151
2811.	493.0	2.150
2812.	493.2	2.150
2813.	493.3	2.150
2814.	493.5	2.150
2815.	493.6	2.150
2816.	493.8	2.150
2817.	493.9	2.150
2818.	494.0	2.150
2819.	494.2	2.150
2820.	494.4	2.150
2821.	494.5	2.149
2822.	494.7	2.149
2823.	494.9	2.149
2824.	495.1	2.149
2825.	495.2	2.149
2826.	495.3	2.149
2827.	495.4	2.149
2828.	495.6	2.149
2829.	495.8	2.148
2830.	495.9	2.148
2831.	496.1	2.148
2832.	496.1	2.148
2833.	496.3	2.148
2834.	496.5	2.148
2835.	496.6	2.148
2836.	496.8	2.148
2837.	497.0	2.148
2838.	497.2	2.148
2839.	497.4	2.148
2840.	497.6	2.147
2841.	497.8	2.147
2842.	498.0	2.147
2843.	498.2	2.147
2844.	498.3	2.147
2845.	498.5	2.147
2846.	498.6	2.147
2847.	498.8	2.147
2848.	499.0	2.147
2849.	499.2	2.147
2850.	499.4	2.147
2851.	499.6	2.146
2852.	499.8	2.146
2853.	499.9	2.146
2854.	500.1	2.146
2855.	500.2	2.146
2856.	500.4	2.147
2857.	500.6	2.147
2858.	500.8	2.147
2859.	501.0	2.146
2860.	501.1	2.146
2861.	501.3	2.146
2862.	501.5	2.146
2863.	501.7	2.145
2864.	501.8	2.145
2865.	502.0	2.145
2866.	502.1	2.145
2867.	502.3	2.145
2868.	502.4	2.145
2869.	502.6	2.145
2870.	502.8	2.145
2871.	502.9	2.145
2872.	503.1	2.144
2873.	503.3	2.144
2874.	503.4	2.144
2875.	503.6	2.144
2876.	503.8	2.144
2877.	503.9	2.144
2878.	504.1	2.144
2879.	504.3	2.144
2880.	504.4	2.144
2881.	504.6	2.144
2882.	504.8	2.144
2883.	504.9	2.144
2884.	505.0	2.144
2885.	505.2	2.144
2886.	505.4	2.144
2887.	505.5	2.144
2888.	505.7	2.144
2889.	505.8	2.144
2890.	505.9	2.143
2891.	506.1	2.143
2892.	506.2	2.143
2893.	506.4	2.143
2894.	506.6	2.143
2895.	506.7	2.143
2896.	506.9	2.143
2897.	507.0	2.143
2898.	507.2	2.143
2899.	507.4	2.143
2900.	507.5	2.143
2901.	507.7	2.143
2902.	507.9	2.143
2903.	508.1	2.143
2904.	508.2	2.143
2905.	508.5	2.142
2906.	508.7	2.142
2907.	508.9	2.142
2908.	509.0	2.142
2909.	509.2	2.142
2910.	509.3	2.142
2911.	509.5	2.142
2912.	509.7	2.142
2913.	509.8	2.142
2914.	510.0	2.142
2915.	510.2	2.142
2916.	510.4	2.142
2917.	510.6	2.142
2918.	510.8	2.142
2919.	511.0	2.142
2920.	511.1	2.142
2921.	511.2	2.142
2922.	511.4	2.142
2923.	511.6	2.142
2924.	511.7	2.142
2925.	511.8	2.142
2926.	512.0	2.142
2927.	512.2	2.141
2928.	512.4	2.141
2929.	512.5	2.141
2930.	512.7	2.141
2931.	512.8	2.141
2932.	513.1	2.141
2933.	513.3	2.141
2934.	513.5	2.141
2935.	513.6	2.141
2936.	513.8	2.141
2937.	513.9	2.141
2938.	514.1	2.141
2939.	514.2	2.141
2940.	514.5	2.141
2941.	514.6	2.141
2942.	514.7	2.141
2943.	514.9	2.141
2944.	515.2	2.141
2945.	515.3	2.141
2946.	515.4	2.140
2947.	515.6	2.140
2948.	515.7	2.141
2949.	515.9	2.140
2950.	516.0	2.141
2951.	516.2	2.140
2952.	516.4	2.140
2953.	516.5	2.141
2954.	516.7	2.140
2955.	516.9	2.140
2956.	517.0	2.140
2957.	517.2	2.140
2958.	517.5	2.140
2959.	517.6	2.140
2960.	517.7	2.140
2961.	517.9	2.140
2962.	518.1	2.140
2963.	518.2	2.140
2964.	518.4	2.140
2965.	518.6	2.140
2966.	518.7	2.140
2967.	518.8	2.140
2968.	519.0	2.140
2969.	519.2	2.140
2970.	519.3	2.140
2971.	519.5	2.140
2972.	519.7	2.140
2973.	519.9	2.140
2974.	520.1	2.140
2975.	520.2	2.140
2976.	520.5	2.140
2977.	520.6	2.140
2978.	520.7	2.140
2979.	520.9	2.140
2980.	521.0	2.140
2981.	521.2	2.140
2982.	521.4	2.140
2983.	521.6	2.140
2984.	521.7	2.140
2985.	521.9	2.140
2986.	522.0	2.139
2987.	522.2	2.140
2988.	522.4	2.140
2989.	522.6	2.139
2990.	522.8	2.139
2991.	522.9	2.139
2992.	523.1	2.139
2993.	523.3	2.139
2994.	523.5	2.139
2995.	523.7	2.140
2996.	523.8	2.139
2997.	524.0	2.139
2998.	524.1	2.139
2999.	524.2	2.139
3000.	524.4	2.139
3001.	524.6	2.139
3002.	524.8	2.139
3003.	525.0	2.139
3004.	525.1	2.140
3005.	525.2	2.139
3006.	525.4	2.139
3007.	525.5	2.139
3008.	525.7	2.139
3009.	525.9	2.140
3010.	526.1	2.139
3011.	526.3	2.139
3012.	526.4	2.139
3013.	526.6	2.139
3014.	526.8	2.139
3015.	526.9	2.139
3016.	527.1	2.139
3017.	527.2	2.139
3018.	527.4	2.139
3019.	527.5	2.140
3020.	527.7	2.140
3021.	527.9	2.139
3022.	528.1	2.139
3023.	528.1	2.139
3024.	528.4	2.139
3025.	528.6	2.139
3026.	528.7	2.139
3027.	528.8	2.139
3028.	528.9	2.139
3029.	529.1	2.139
3030.	529.3	2.139
3031.	529.5	2.139
3032.	529.7	2.139
3033.	529.8	2.139
3034.	530.0	2.139
3035.	530.2	2.139
3036.	530.4	2.139
3037.	530.5	2.139
3038.	530.7	2.139
3039.	530.8	2.139
3040.	531.0	2.139
3041.	531.1	2.139
3042.	531.2	2.139
3043.	531.5	2.139
3044.	531.6	2.139
3045.	531.8	2.139
3046.	532.0	2.139
3047.	532.2	2.139
3048.	532.3	2.139
3049.	532.5	2.139
3050.	532.7	2.139
3051.	532.9	2.139
3052.	533.0	2.139
3053.	533.2	2.139
3054.	533.4	2.139
3055.	533.4	2.139
3056.	533.5	2.139
3057.	533.7	2.139
3058.	533.9	2.139
3059.	534.1	2.139
3060.	534.2	2.139
3061.	534.4	2.139
3062.	534.6	2.139
3063.	534.7	2.139
3064.	534.9	2.139
3065.	535.0	2.139
3066.	535.1	2.139
3067.	535.4	2.139
3068.	535.5	2.139
3069.	535.7	2.139
3070.	535.9	2.139
3071.	536.1	2.139
3072.	536.3	2.139
3073.	536.4	2.139
3074.	536.6	2.139
3075.	536.8	2.139
3076.	536.9	2.139
3077.	537.1	2.139
3078.	537.3	2.139
3079.	537.5	2.139
3080.	537.7	2.139
3081.	537.8	2.139
3082.	537.9	2.139
3083.	538.1	2.139
3084.	538.2	2.139
3085.	538.4	2.139
3086.	538.6	2.139
3087.	538.7	2.139
3088.	538.9	2.139
3089.	539.1	2.139
3090.	539.3	2.139
3091.	539.4	2.139
3092.	539.5	2.139
3093.	539.7	2.139
3094.	539.8	2.139
3095.	539.9	2.139
3096.	540.2	2.139
3097.	540.4	2.139
3098.	540.5	2.139
3099.	540.6	2.139
3100.	540.9	2.139
3101.	541.0	2.139
3102.	541.2	2.139
3103.	541.4	2.139
3104.	541.6	2.139
3105.	541.8	2.139
3106.	541.9	2.139
3107.	542.1	2.139
3108.	542.3	2.139
3109.	542.5	2.139
3110.	542.6	2.139
3111.	542.8	2.139
3112.	542.9	2.139
3113.	543.0	2.139
3114.	543.1	2.139
3115.	543.3	2.139
3116.	543.5	2.139
3117.	543.7	2.139
3118.	543.9	2.139
3119.	544.0	2.139
3120.	544.1	2.139
3121.	544.3	2.139
3122.	544.4	2.139
3123.	544.6	2.139
3124.	544.8	2.139
3125.	545.1	2.139
3126.	545.2	2.139
3127.	545.3	2.139
3128.	545.6	2.139
3129.	545.8	2.139
3130.	546.0	2.139
3131.	546.2	2.139
3132.	546.4	2.139
3133.	546.6	2.139
3134.	546.8	2.139
3135.	546.9	2.139
3136.	547.0	2.139
3137.	547.2	2.139
3138.	547.4	2.139
3139.	547.5	2.139
3140.	547.7	2.139
3141.	547.8	2.139
3142.	548.0	2.139
3143.	548.1	2.139
3144.	548.3	2.139
3145.	548.4	2.139
3146.	548.6	2.139
3147.	548.8	2.139
3148.	548.9	2.139
3149.	549.2	2.139
3150.	549.3	2.139
3151.	549.5	2.139
3152.	549.7	2.139
3153.	549.9	2.139
3154.	550.1	2.139
3155.	550.2	2.139
3156.	550.3	2.139
3157.	550.5	2.139
3158.	550.7	2.139
3159.	550.9	2.139
3160.	551.0	2.139
3161.	551.1	2.139
3162.	551.3	2.139
3163.	551.5	2.139
3164.	551.6	2.139
3165.	551.7	2.139
3166.	551.8	2.139
3167.	552.0	2.139
3168.	552.1	2.139
3169.	552.3	2.139
3170.	552.5	2.139
3171.	552.7	2.139
3172.	552.8	2.139
3173.	553.0	2.139
3174.	553.2	2.139
3175.	553.3	2.139
3176.	553.5	2.139
3177.	553.6	2.139
3178.	553.9	2.139
3179.	553.9	2.139
3180.	554.1	2.139
3181.	554.3	2.139
3182.	554.5	2.139
3183.	554.6	2.139
3184.	554.8	2.139
3185.	555.1	2.139
3186.	555.2	2.139
3187.	555.4	2.139
3188.	555.6	2.139
3189.	555.8	2.139
3190.	555.9	2.139
3191.	556.1	2.139
3192.	556.3	2.139
3193.	556.4	2.139
3194.	556.5	2.139
3195.	556.7	2.139
3196.	556.8	2.139
3197.	557.0	2.139
3198.	557.1	2.139
3199.	557.3	2.139
3200.	557.4	2.139
3201.	557.6	2.139
3202.	557.7	2.139
3203.	557.9	2.139
3204.	558.1	2.139
3205.	558.2	2.139
3206.	558.5	2.139
3207.	558.6	2.139
3208.	558.8	2.139
3209.	559.1	2.139
3210.	559.3	2.139
3211.	559.4	2.139
3212.	559.6	2.139
3213.	559.7	2.139
3214.	559.9	2.139
3215.	560.1	2.139
3216.	560.3	2.139
3217.	560.4	2.139
3218.	560.6	2.139
3219.	560.7	2.139
3220.	560.9	2.139
3221.	561.1	2.139
3222.	561.3	2.139
3223.	561.5	2.139
3224.	561.7	2.139
3225.	561.8	2.139
3226.	562.0	2.139
3227.	562.1	2.140
3228.	562.3	2.139
3229.	562.4	2.139
3230.	562.6	2.140
3231.	562.8	2.139
3232.	563.0	2.140
3233.	563.2	2.139
3234.	563.3	2.140
3235.	563.4	2.140
3236.	563.6	2.140
3237.	563.8	2.139
3238.	563.9	2.140
3239.	564.1	2.139
3240.	564.3	2.139
3241.	564.4	2.139
3242.	564.6	2.140
3243.	564.8	2.140
3244.	564.9	2.140
3245.	565.1	2.140
3246.	565.2	2.140
3247.	565.4	2.140
3248.	565.5	2.140
3249.	565.8	2.140
3250.	565.9	2.140
3251.	566.0	2.140
3252.	566.2	2.140
3253.	566.4	2.140
3254.	566.5	2.140
3255.	566.6	2.140
3256.	566.8	2.140
3257.	567.0	2.140
3258.	567.2	2.140
3259.	567.3	2.140
3260.	567.5	2.140
3261.	567.7	2.140
3262.	567.8	2.140
3263.	568.0	2.140
3264.	568.2	2.140
3265.	568.3	2.140
3266.	568.4	2.140
3267.	568.6	2.140
3268.	568.8	2.140
3269.	569.0	2.140
3270.	569.1	2.140
3271.	569.3	2.140
3272.	569.5	2.140
3273.	569.6	2.140
3274.	569.8	2.140
3275.	570.0	2.140
3276.	570.2	2.140
3277.	570.4	2.140
3278.	570.6	2.140
3279.	570.7	2.140
3280.	570.8	2.140
3281.	571.0	2.140
3282.	571.2	2.140
3283.	571.4	2.140
3284.	571.5	2.140
3285.	571.7	2.140
3286.	571.9	2.140
3287.	572.1	2.140
3288.	572.2	2.140
3289.	572.5	2.140
3290.	572.7	2.140
3291.	572.8	2.140
3292.	573.0	2.140
3293.	573.2	2.140
3294.	573.4	2.140
3295.	573.6	2.140
3296.	573.8	2.140
3297.	573.9	2.140
3298.	574.1	2.140
3299.	574.3	2.140
3300.	574.4	2.140
3301.	574.7	2.140
3302.	574.8	2.140
3303.	575.0	2.140
3304.	575.1	2.140
3305.	575.3	2.141
3306.	575.4	2.141
3307.	575.5	2.141
3308.	575.8	2.141
3309.	575.9	2.141
3310.	576.1	2.141
3311.	576.2	2.141
3312.	576.4	2.140
3313.	576.5	2.141
3314.	576.7	2.141
3315.	576.8	2.141
3316.	577.0	2.141
3317.	577.2	2.141
3318.	577.4	2.141
3319.	577.5	2.141
3320.	577.7	2.141
3321.	577.7	2.141
3322.	577.9	2.141
3323.	578.1	2.141
3324.	578.2	2.141
3325.	578.4	2.141
3326.	578.6	2.141
3327.	578.8	2.141
3328.	578.9	2.141
3329.	579.2	2.141
3330.	579.3	2.141
3331.	579.4	2.141
3332.	579.6	2.141
3333.	579.8	2.141
3334.	580.0	2.141
3335.	580.1	2.141
3336.	580.3	2.141
3337.	580.5	2.141
3338.	580.7	2.141
3339.	580.9	2.141
3340.	581.0	2.141
3341.	581.2	2.141
3342.	581.4	2.141
3343.	581.5	2.141
3344.	581.7	2.141
3345.	581.9	2.141
3346.	582.0	2.141
3347.	582.2	2.141
3348.	582.4	2.142
3349.	582.6	2.142
3350.	582.8	2.142
3351.	582.9	2.142
3352.	583.1	2.142
3353.	583.2	2.142
3354.	583.4	2.142
3355.	583.6	2.142
3356.	583.8	2.142
3357.	584.0	2.142
3358.	584.1	2.142
3359.	584.2	2.142
3360.	584.3	2.142
3361.	584.5	2.142
3362.	584.6	2.142
3363.	584.8	2.142
3364.	585.0	2.142
3365.	585.2	2.142
3366.	585.3	2.142
3367.	585.5	2.142
3368.	585.7	2.142
3369.	585.8	2.142
3370.	586.0	2.142
3371.	586.1	2.142
3372.	586.3	2.142
3373.	586.5	2.142
3374.	586.6	2.142
3375.	586.8	2.142
3376.	587.0	2.142
3377.	587.1	2.142
3378.	587.3	2.142
3379.	587.5	2.142
3380.	587.6	2.142
3381.	587.8	2.142
3382.	588.0	2.142
3383.	588.1	2.142
3384.	588.3	2.142
3385.	588.5	2.142
3386.	588.7	2.142
3387.	588.8	2.142
3388.	589.0	2.142
3389.	589.1	2.142
3390.	589.2	2.142
3391.	589.4	2.142
3392.	589.5	2.142
3393.	589.7	2.142
3394.	589.8	2.142
3395.	590.0	2.143
3396.	590.2	2.143
3397.	590.4	2.143
3398.	590.5	2.143
3399.	590.7	2.143
3400.	590.8	2.143
3401.	591.0	2.143
3402.	591.1	2.143
3403.	591.3	2.143
3404.	591.4	2.143
3405.	591.6	2.143
3406.	591.8	2.143
3407.	592.0	2.143
3408.	592.1	2.143
3409.	592.3	2.143
3410.	592.5	2.143
3411.	592.7	2.143
3412.	592.8	2.143
3413.	593.1	2.143
3414.	593.3	2.143
3415.	593.4	2.143
3416.	593.6	2.143
3417.	593.8	2.143
3418.	593.9	2.143
3419.	594.1	2.143
3420.	594.3	2.143
3421.	594.4	2.143
3422.	594.5	2.143
3423.	594.6	2.143
3424.	594.9	2.143
3425.	595.1	2.143
3426.	595.2	2.144
3427.	595.4	2.143
3428.	595.6	2.143
3429.	595.8	2.143
3430.	595.9	2.143
3431.	596.1	2.143
3432.	596.3	2.143
3433.	596.4	2.143
3434.	596.6	2.144
3435.	596.7	2.144
3436.	596.9	2.143
3437.	597.2	2.144
3438.	597.4	2.143
3439.	597.5	2.143
3440.	597.6	2.143
3441.	597.8	2.143
3442.	597.9	2.143
3443.	598.1	2.144
3444.	598.3	2.143
3445.	598.4	2.143
3446.	598.6	2.144
3447.	598.8	2.144
3448.	599.0	2.144
3449.	599.2	2.144
3450.	599.3	2.144
3451.	599.4	2.144
3452.	599.6	2.144
3453.	599.8	2.144
3454.	600.0	2.144
3455.	600.2	2.144
3456.	600.3	2.144
3457.	600.5	2.144
3458.	600.6	2.144
3459.	600.8	2.144
3460.	600.9	2.144
3461.	601.1	2.144
3462.	601.3	2.144
3463.	601.4	2.144
3464.	601.6	2.144
3465.	601.7	2.144
3466.	601.9	2.144
3467.	602.0	2.144
3468.	602.3	2.144
3469.	602.4	2.144
3470.	602.6	2.144
3471.	602.8	2.144
3472.	602.9	2.144
3473.	603.0	2.144
3474.	603.2	2.144
3475.	603.3	2.145
3476.	603.5	2.144
3477.	603.7	2.144
3478.	603.9	2.144
3479.	604.1	2.144
3480.	604.2	2.145
3481.	604.4	2.144
3482.	604.6	2.144
3483.	604.7	2.144
3484.	604.9	2.144
3485.	605.0	2.145
3486.	605.2	2.144
3487.	605.3	2.145
3488.	605.4	2.145
3489.	605.6	2.144
3490.	605.8	2.145
3491.	606.0	2.145
3492.	606.2	2.145
3493.	606.4	2.145
3494.	606.5	2.144
3495.	606.7	2.144
3496.	606.9	2.144
3497.	607.1	2.144
3498.	607.3	2.145
3499.	607.5	2.145
3500.	607.6	2.145
3501.	607.8	2.145
3502.	607.9	2.144
3503.	608.1	2.145
3504.	608.2	2.145
3505.	608.4	2.145
3506.	608.6	2.145
3507.	608.8	2.145
3508.	609.0	2.145
3509.	609.2	2.145
3510.	609.3	2.145
3511.	609.5	2.145
3512.	609.6	2.144
3513.	609.8	2.145
3514.	610.1	2.145
3515.	610.2	2.145
3516.	610.4	2.145
3517.	610.5	2.144
3518.	610.6	2.145
3519.	610.8	2.145
3520.	611.0	2.145
3521.	611.1	2.145
3522.	611.3	2.145
3523.	611.4	2.145
3524.	611.6	2.145
3525.	611.7	2.145
3526.	611.9	2.145
3527.	612.0	2.145
3528.	612.2	2.145
3529.	612.4	2.145
3530.	612.6	2.145
3531.	612.8	2.145
3532.	612.9	2.145
3533.	613.1	2.145
3534.	613.2	2.145
3535.	613.4	2.145
3536.	613.6	2.145
3537.	613.8	2.145
3538.	613.9	2.145
3539.	614.1	2.145
3540.	614.3	2.145
3541.	614.5	2.145
3542.	614.7	2.145
3543.	614.8	2.145
3544.	615.0	2.145
3545.	615.1	2.145
3546.	615.2	2.145
3547.	615.4	2.145
3548.	615.7	2.145
3549.	615.8	2.145
3550.	615.9	2.145
3551.	616.1	2.145
3552.	616.3	2.145
3553.	616.4	2.145
3554.	616.6	2.145
3555.	616.7	2.145
3556.	616.9	2.145
3557.	617.1	2.144
3558.	617.3	2.145
3559.	617.4	2.145
3560.	617.6	2.145
3561.	617.9	2.145
3562.	618.1	2.145
3563.	618.2	2.145
3564.	618.4	2.144
3565.	618.5	2.145
3566.	618.7	2.144
3567.	618.9	2.144
3568.	619.0	2.145
3569.	619.3	2.145
3570.	619.4	2.145
3571.	619.6	2.145
3572.	619.8	2.145
3573.	619.9	2.145
3574.	620.1	2.144
3575.	620.2	2.145
3576.	620.4	2.144
3577.	620.5	2.144
3578.	620.7	2.145
3579.	620.9	2.145
3580.	621.0	2.145
3581.	621.2	2.144
3582.	621.4	2.144
3583.	621.4	2.145
3584.	621.6	2.144
3585.	621.9	2.144
3586.	622.0	2.145
3587.	622.2	2.145
3588.	622.4	2.144
3589.	622.4	2.145
3590.	622.6	2.145
3591.	622.7	2.145
3592.	622.9	2.145
3593.	623.1	2.145
3594.	623.3	2.145
3595.	623.5	2.145
3596.	623.6	2.144
3597.	623.8	2.145
3598.	624.1	2.145
3599.	624.1	2.144
3600.	624.4	2.145
3601.	624.5	2.145
3602.	624.7	2.145
3603.	624.9	2.145
3604.	625.1	2.145
3605.	625.3	2.145
3606.	625.5	2.145
3607.	625.7	2.145
3608.	625.8	2.145
3609.	626.0	2.144
3610.	626.1	2.144
3611.	626.4	2.145
3612.	626.6	2.144
3613.	626.7	2.144
3614.	627.0	2.145
3615.	627.1	2.144
3616.	627.3	2.144
3617.	627.5	2.144
3618.	627.6	2.144
3619.	627.7	2.144
3620.	627.9	2.144
3621.	628.1	2.144
3622.	628.2	2.144
3623.	628.3	2.144
3624.	628.4	2.144
3625.	628.7	2.144
3626.	628.9	2.144
3627.	629.1	2.144
3628.	629.2	2.144
3629.	629.3	2.144
3630.	629.5	2.144
3631.	629.7	2.144
3632.	629.9	2.144
3633.	630.1	2.144
3634.	630.3	2.144
3635.	630.4	2.144
3636.	630.6	2.144
3637.	630.8	2.144
3638.	630.9	2.144
3639.	631.0	2.144
3640.	631.2	2.144
3641.	631.4	2.144
3642.	631.5	2.144
3643.	631.7	2.144
3644.	631.9	2.144
3645.	632.1	2.144
3646.	632.3	2.144
3647.	632.4	2.144
3648.	632.7	2.144
3649.	632.9	2.143
3650.	632.9	2.143
3651.	633.1	2.144
3652.	633.3	2.143
3653.	633.4	2.143
3654.	633.5	2.143
3655.	633.8	2.143
3656.	634.0	2.143
3657.	634.2	2.143
3658.	634.4	2.143
3659.	634.5	2.143
3660.	634.7	2.143
3661.	634.8	2.143
3662.	634.9	2.143
3663.	635.2	2.143
3664.	635.4	2.143
3665.	635.5	2.143
3666.	635.7	2.143
3667.	635.9	2.143
3668.	636.1	2.143
3669.	636.3	2.143
3670.	636.4	2.143
3671.	636.6	2.142
3672.	636.7	2.143
3673.	636.9	2.143
3674.	637.0	2.143
3675.	637.1	2.142
3676.	637.3	2.142
3677.	637.5	2.142
3678.	637.7	2.142
3679.	637.9	2.142
3680.	638.0	2.142
3681.	638.2	2.142
3682.	638.4	2.142
3683.	638.5	2.142
3684.	638.7	2.142
3685.	638.9	2.142
3686.	639.1	2.142
3687.	639.2	2.142
3688.	639.3	2.142
3689.	639.5	2.142
3690.	639.6	2.142
3691.	639.8	2.142
3692.	639.9	2.142
3693.	640.0	2.142
3694.	640.2	2.142
3695.	640.4	2.142
3696.	640.6	2.142
3697.	640.7	2.141
3698.	640.9	2.141
3699.	641.2	2.141
3700.	641.2	2.141
3701.	641.4	2.142
3702.	641.6	2.141
3703.	641.8	2.142
3704.	642.0	2.141
3705.	642.1	2.141
3706.	642.3	2.141
3707.	642.5	2.141
3708.	642.6	2.141
3709.	642.8	2.141
3710.	642.9	2.141
3711.	643.1	2.141
3712.	643.3	2.141
3713.	643.5	2.141
3714.	643.7	2.141
3715.	643.8	2.141
3716.	644.0	2.141
3717.	644.1	2.141
3718.	644.3	2.141
3719.	644.5	2.141
3720.	644.7	2.141
3721.	644.9	2.141
3722.	645.0	2.141
3723.	645.2	2.141
3724.	645.4	2.140
3725.	645.6	2.141
3726.	645.8	2.141
3727.	646.0	2.140
3728.	646.1	2.140
3729.	646.2	2.140
3730.	646.3	2.140
3731.	646.5	2.140
3732.	646.6	2.140
3733.	646.7	2.140
3734.	646.9	2.140
3735.	647.1	2.140
3736.	647.3	2.140
3737.	647.5	2.140
3738.	647.6	2.140
3739.	647.8	2.140
3740.	647.9	2.140
3741.	648.2	2.140
3742.	648.3	2.140
3743.	648.5	2.140
3744.	648.7	2.140
3745.	648.8	2.140
3746.	649.0	2.140
3747.	649.2	2.140
3748.	649.3	2.140
3749.	649.5	2.140
3750.	649.7	2.140
3751.	649.9	2.140
3752.	650.0	2.140
3753.	650.2	2.139
3754.	650.3	2.139
3755.	650.5	2.140
3756.	650.7	2.139
3757.	650.9	2.139
3758.	651.0	2.139
3759.	651.2	2.139
3760.	651.4	2.139
3761.	651.6	2.139
3762.	651.7	2.139
3763.	651.9	2.139
3764.	652.1	2.139
3765.	652.3	2.139
3766.	652.4	2.139
3767.	652.6	2.139
3768.	652.7	2.139
3769.	652.9	2.139
3770.	653.2	2.139
3771.	653.4	2.139
3772.	653.5	2.139
3773.	653.7	2.139
3774.	653.8	2.139
3775.	653.9	2.139
3776.	654.1	2.139
3777.	654.2	2.139
3778.	654.4	2.139
3779.	654.6	2.139
3780.	654.8	2.139
3781.	655.1	2.139
3782.	655.2	2.139
3783.	655.4	2.139
3784.	655.6	2.139
3785.	655.8	2.139
3786.	655.8	2.139
3787.	655.9	2.139
3788.	656.1	2.139
3789.	656.3	2.139
3790.	656.4	2.139
3791.	656.6	2.139
3792.	656.8	2.139
3793.	656.9	2.139
3794.	657.1	2.138
3795.	657.3	2.138
3796.	657.4	2.138
3797.	657.5	2.139
3798.	657.8	2.138
3799.	657.9	2.138
3800.	658.1	2.138
3801.	658.3	2.138
3802.	658.5	2.138
3803.	658.6	2.138
3804.	658.8	2.138
3805.	659.0	2.138
3806.	659.3	2.138
3807.	659.4	2.138
3808.	659.5	2.138
3809.	659.7	2.138
3810.	659.8	2.138
3811.	660.0	2.138
3812.	660.1	2.138
3813.	660.3	2.138
3814.	660.5	2.138
3815.	660.6	2.138
3816.	660.8	2.138
3817.	661.0	2.138
3818.	661.1	2.138
3819.	661.3	2.138
3820.	661.4	2.138
3821.	661.6	2.138
3822.	661.8	2.138
3823.	661.9	2.138
3824.	662.0	2.138
3825.	662.2	2.138
3826.	662.3	2.138
3827.	662.6	2.138
3828.	662.8	2.138
3829.	662.9	2.138
3830.	663.1	2.138
3831.	663.2	2.138
3832.	663.4	2.138
3833.	663.7	2.138
3834.	663.7	2.138
3835.	663.9	2.138
3836.	664.1	2.137
3837.	664.2	2.138
3838.	664.4	2.138
3839.	664.6	2.137
3840.	664.8	2.138
3841.	665.0	2.138
3842.	665.1	2.137
3843.	665.3	2.137
3844.	665.4	2.137
3845.	665.6	2.137
3846.	665.7	2.137
3847.	665.9	2.137
3848.	666.0	2.137
3849.	666.2	2.137
3850.	666.4	2.137
3851.	666.5	2.137
3852.	666.7	2.137
3853.	666.8	2.137
3854.	667.0	2.137
3855.	667.2	2.137
3856.	667.4	2.137
3857.	667.7	2.137
3858.	667.8	2.137
3859.	668.0	2.137
3860.	668.2	2.137
3861.	668.4	2.137
3862.	668.6	2.137
3863.	668.7	2.137
3864.	668.9	2.137
3865.	669.0	2.137
3866.	669.2	2.137
3867.	669.3	2.137
3868.	669.5	2.137
3869.	669.6	2.137
3870.	669.8	2.137
3871.	669.9	2.137
3872.	670.1	2.137
3873.	670.2	2.137
3874.	670.4	2.137
3875.	670.5	2.137
3876.	670.7	2.137
3877.	670.8	2.137
3878.	671.0	2.137
3879.	671.1	2.137
3880.	671.3	2.137
3881.	671.5	2.137
3882.	671.8	2.137
3883.	672.0	2.137
3884.	672.2	2.137
3885.	672.4	2.137
3886.	672.5	2.137
3887.	672.6	2.137
3888.	672.8	2.137
3889.	673.0	2.137
3890.	673.2	2.137
3891.	673.3	2.137
3892.	673.5	2.137
3893.	673.7	2.137
3894.	673.8	2.137
3895.	674.0	2.137
3896.	674.2	2.137
3897.	674.3	2.137
3898.	674.6	2.137
3899.	674.8	2.137
3900.	675.0	2.137
3901.	675.1	2.137
3902.	675.3	2.137
3903.	675.4	2.137
3904.	675.5	2.137
3905.	675.7	2.137
3906.	675.9	2.137
3907.	676.0	2.137
3908.	676.1	2.137
3909.	676.3	2.137
3910.	676.5	2.137
3911.	676.7	2.137
3912.	676.8	2.137
3913.	676.9	2.137
3914.	677.2	2.137
3915.	677.4	2.137
3916.	677.5	2.137
3917.	677.7	2.137
3918.	677.9	2.137
3919.	678.0	2.137
3920.	678.2	2.136
3921.	678.4	2.136
3922.	678.5	2.136
3923.	678.7	2.136
3924.	678.9	2.136
3925.	679.2	2.136
3926.	679.3	2.136
3927.	679.4	2.136
3928.	679.6	2.136
3929.	679.8	2.136
3930.	679.9	2.136
3931.	680.0	2.136
3932.	680.2	2.136
3933.	680.4	2.136
3934.	680.6	2.136
3935.	680.8	2.136
3936.	680.9	2.136
3937.	681.2	2.136
3938.	681.3	2.136
3939.	681.5	2.136
3940.	681.6	2.136
3941.	681.8	2.135
3942.	682.0	2.135
3943.	682.1	2.135
3944.	682.3	2.135
3945.	682.5	2.136
3946.	682.6	2.135
3947.	682.8	2.135
3948.	683.0	2.136
3949.	683.2	2.136
3950.	683.3	2.136
3951.	683.5	2.136
3952.	683.8	2.136
3953.	683.8	2.136
3954.	683.9	2.136
3955.	684.1	2.137
3956.	684.2	2.137
3957.	684.4	2.136
3958.	684.5	2.136
3959.	684.7	2.136
3960.	684.9	2.137
3961.	685.1	2.137
3962.	685.2	2.137
3963.	685.5	2.137
3964.	685.6	2.136
3965.	685.8	2.136
3966.	686.0	2.136
3967.	686.1	2.136
3968.	686.3	2.136
3969.	686.4	2.135
3970.	686.6	2.135
3971.	686.8	2.135
3972.	686.9	2.135
3973.	687.1	2.135
3974.	687.2	2.135
3975.	687.3	2.135
3976.	687.5	2.135
3977.	687.7	2.135
3978.	687.9	2.135
3979.	688.1	2.135
3980.	688.3	2.135
3981.	688.4	2.135
3982.	688.5	2.135
3983.	688.8	2.135
3984.	688.9	2.135
3985.	689.1	2.135
3986.	689.4	2.135
3987.	689.6	2.135
3988.	689.7	2.135
3989.	689.8	2.135
3990.	689.9	2.135
3991.	690.1	2.135
3992.	690.2	2.135
3993.	690.5	2.135
3994.	690.6	2.135
3995.	690.7	2.135
3996.	690.9	2.135
3997.	691.0	2.135
3998.	691.2	2.135
3999.	691.4	2.135
4000.	691.6	2.135
4001.	691.7	2.135
4002.	691.9	2.135
4003.	692.1	2.135
4004.	692.2	2.135
4005.	692.4	2.135
4006.	692.6	2.135
4007.	692.7	2.135
4008.	692.9	2.135
4009.	693.0	2.135
4010.	693.2	2.135
4011.	693.3	2.135
4012.	693.5	2.135
4013.	693.7	2.135
4014.	693.8	2.135
4015.	694.0	2.135
4016.	694.2	2.135
4017.	694.4	2.135
4018.	694.5	2.135
4019.	694.7	2.135
4020.	694.9	2.135
4021.	695.0	2.135
4022.	695.2	2.135
4023.	695.4	2.135
4024.	695.5	2.135
4025.	695.7	2.135
4026.	695.9	2.135
4027.	696.0	2.135
4028.	696.2	2.135
4029.	696.3	2.135
4030.	696.6	2.135
4031.	696.7	2.135
4032.	696.8	2.135
4033.	697.1	2.135
4034.	697.2	2.135
4035.	697.4	2.134
4036.	697.6	2.134
4037.	697.7	2.135
4038.	697.9	2.134
4039.	698.1	2.134
4040.	698.2	2.134
4041.	698.4	2.135
4042.	698.6	2.134
4043.	698.8	2.134
4044.	699.0	2.134
4045.	699.2	2.134
4046.	699.4	2.134
4047.	699.5	2.134
4048.	699.7	2.134
4049.	699.9	2.134
4050.	700.1	2.134
4051.	700.2	2.134
4052.	700.4	2.134
4053.	700.6	2.134
4054.	700.8	2.134
4055.	700.9	2.134
4056.	701.1	2.135
4057.	701.3	2.135
4058.	701.4	2.135
4059.	701.6	2.135
4060.	701.7	2.135
4061.	701.8	2.135
4062.	702.0	2.135
4063.	702.1	2.135
4064.	702.3	2.135
4065.	702.4	2.135
4066.	702.6	2.135
4067.	702.7	2.135
4068.	702.9	2.135
4069.	703.1	2.135
4070.	703.2	2.135
4071.	703.4	2.135
4072.	703.5	2.135
4073.	703.6	2.135
4074.	703.8	2.135
4075.	704.0	2.135
4076.	704.1	2.135
4077.	704.3	2.135
4078.	704.4	2.135
4079.	704.7	2.135
4080.	704.8	2.135
4081.	704.9	2.135
4082.	705.1	2.134
4083.	705.3	2.135
4084.	705.5	2.134
4085.	705.7	2.134
4086.	705.9	2.134
4087.	706.1	2.135
4088.	706.2	2.135
4089.	706.4	2.135
4090.	706.5	2.134
4091.	706.7	2.134
4092.	706.9	2.134
4093.	707.1	2.134
4094.	707.3	2.135
4095.	707.4	2.134
4096.	707.6	2.134
4097.	707.8	2.135
4098.	707.9	2.134
4099.	708.1	2.134
4100.	708.2	2.134
4101.	708.4	2.134
4102.	708.6	2.134
4103.	708.7	2.134
4104.	708.8	2.134
4105.	709.0	2.134
4106.	709.3	2.134
4107.	709.4	2.134
4108.	709.6	2.134
4109.	709.8	2.134
4110.	710.0	2.134
4111.	710.1	2.134
4112.	710.3	2.134
4113.	710.5	2.134
4114.	710.7	2.134
4115.	710.9	2.134
4116.	711.0	2.134
4117.	711.1	2.134
4118.	711.3	2.134
4119.	711.6	2.134
4120.	711.7	2.134
4121.	711.9	2.134
4122.	712.0	2.134
4123.	712.1	2.134
4124.	712.3	2.134
4125.	712.5	2.134
4126.	712.6	2.134
4127.	712.8	2.134
4128.	713.0	2.134
4129.	713.1	2.134
4130.	713.2	2.134
4131.	713.5	2.134
4132.	713.6	2.134
4133.	713.8	2.134
4134.	714.0	2.134
4135.	714.1	2.134
4136.	714.2	2.134
4137.	714.3	2.134
4138.	714.5	2.134
4139.	714.7	2.134
4140.	714.8	2.134
4141.	715.0	2.134
4142.	715.1	2.134
4143.	715.3	2.134
4144.	715.6	2.134
4145.	715.8	2.135
4146.	715.9	2.134
4147.	716.2	2.134
4148.	716.3	2.134
4149.	716.5	2.134
4150.	716.6	2.134
4151.	716.8	2.134
4152.	717.0	2.134
4153.	717.3	2.134
4154.	717.4	2.134
4155.	717.5	2.134
4156.	717.7	2.134
4157.	717.9	2.134
4158.	718.0	2.134
4159.	718.1	2.135
4160.	718.3	2.134
4161.	718.4	2.134
4162.	718.6	2.134
4163.	718.8	2.134
4164.	718.9	2.134
4165.	719.1	2.134
4166.	719.2	2.135
4167.	719.4	2.134
4168.	719.6	2.134
4169.	719.7	2.134
4170.	719.9	2.135
4171.	720.1	2.135
4172.	720.3	2.135
4173.	720.5	2.134
4174.	720.7	2.135
4175.	720.8	2.135
4176.	721.0	2.135
4177.	721.2	2.135
4178.	721.4	2.135
4179.	721.5	2.135
4180.	721.7	2.135
4181.	721.9	2.135
4182.	722.1	2.135
4183.	722.2	2.134
4184.	722.3	2.135
4185.	722.5	2.134
4186.	722.7	2.135
4187.	722.8	2.134
4188.	723.1	2.134
4189.	723.2	2.134
4190.	723.4	2.134
4191.	723.6	2.135
4192.	723.7	2.135
4193.	723.9	2.135
4194.	724.0	2.135
4195.	724.2	2.134
4196.	724.4	2.135
4197.	724.6	2.135
4198.	724.7	2.135
4199.	724.9	2.134
4200.	725.1	2.135
4201.	725.2	2.135
4202.	725.4	2.135
4203.	725.6	2.135
4204.	725.7	2.135
4205.	725.9	2.135
4206.	726.1	2.135
4207.	726.3	2.135
4208.	726.4	2.135
4209.	726.6	2.135
4210.	726.8	2.135
4211.	727.0	2.135
4212.	727.0	2.135
4213.	727.2	2.135
4214.	727.4	2.135
4215.	727.5	2.135
4216.	727.7	2.135
4217.	727.8	2.135
4218.	728.1	2.135
4219.	728.2	2.135
4220.	728.4	2.135
4221.	728.6	2.135
4222.	728.8	2.135
4223.	729.0	2.135
4224.	729.1	2.135
4225.	729.2	2.135
4226.	729.4	2.135
4227.	729.5	2.135
4228.	729.7	2.135
4229.	729.9	2.135
4230.	730.0	2.135
4231.	730.2	2.135
4232.	730.3	2.135
4233.	730.5	2.135
4234.	730.7	2.135
4235.	730.9	2.135
4236.	731.0	2.135
4237.	731.2	2.135
4238.	731.4	2.135
4239.	731.6	2.135
4240.	731.7	2.135
4241.	731.9	2.135
4242.	732.1	2.135
4243.	732.3	2.135
4244.	732.5	2.135
4245.	732.7	2.135
4246.	732.8	2.135
4247.	732.9	2.135
4248.	733.1	2.135
4249.	733.3	2.135
4250.	733.5	2.135
4251.	733.6	2.135
4252.	733.8	2.135
4253.	733.9	2.135
4254.	734.1	2.135
4255.	734.2	2.135
4256.	734.4	2.136
4257.	734.6	2.135
4258.	734.7	2.135
4259.	734.9	2.136
4260.	735.1	2.136
4261.	735.3	2.135
4262.	735.4	2.136
4263.	735.6	2.136
4264.	735.7	2.136
4265.	735.9	2.136
4266.	736.0	2.136
4267.	736.2	2.136
4268.	736.3	2.136
4269.	736.5	2.136
4270.	736.7	2.136
4271.	736.9	2.136
4272.	737.0	2.136
4273.	737.2	2.136
4274.	737.3	2.136
4275.	737.4	2.136
4276.	737.6	2.136
4277.	737.8	2.136
4278.	738.0	2.136
4279.	738.1	2.136
4280.	738.3	2.136
4281.	738.5	2.136
4282.	738.6	2.136
4283.	738.8	2.136
4284.	739.0	2.136
4285.	739.2	2.136
4286.	739.4	2.137
4287.	739.5	2.136
4288.	739.6	2.136
4289.	739.9	2.137
4290.	740.1	2.137
4291.	740.3	2.137
4292.	740.5	2.137
4293.	740.6	2.137
4294.	740.7	2.137
4295.	740.9	2.137
4296.	741.1	2.137
4297.	741.2	2.137
4298.	741.3	2.137
4299.	741.6	2.137
4300.	741.8	2.137
4301.	741.9	2.137
4302.	742.1	2.137
4303.	742.3	2.137
4304.	742.4	2.137
4305.	742.6	2.137
4306.	742.7	2.137
4307.	742.8	2.137
4308.	743.0	2.137
4309.	743.2	2.137
4310.	743.4	2.137
4311.	743.6	2.137
4312.	743.8	2.137
4313.	743.9	2.137
4314.	744.1	2.137
4315.	744.2	2.137
4316.	744.5	2.137
4317.	744.6	2.137
4318.	744.8	2.137
4319.	744.9	2.137
4320.	745.0	2.137
4321.	745.2	2.137
4322.	745.4	2.137
4323.	745.6	2.137
4324.	745.8	2.137
4325.	746.0	2.137
4326.	746.1	2.137
4327.	746.2	2.137
4328.	746.4	2.137
4329.	746.6	2.137
4330.	746.7	2.137
4331.	746.9	2.137
4332.	747.1	2.137
4333.	747.3	2.138
4334.	747.4	2.137
4335.	747.5	2.138
4336.	747.8	2.138
4337.	748.0	2.138
4338.	748.1	2.138
4339.	748.3	2.138
4340.	748.4	2.138
4341.	748.5	2.138
4342.	748.8	2.138
4343.	748.9	2.138
4344.	749.1	2.138
4345.	749.3	2.138
4346.	749.5	2.138
4347.	749.7	2.138
4348.	749.8	2.138
4349.	750.0	2.138
4350.	750.1	2.138
4351.	750.2	2.138
4352.	750.4	2.138
4353.	750.5	2.138
4354.	750.7	2.138
4355.	750.9	2.138
4356.	751.1	2.138
4357.	751.3	2.138
4358.	751.4	2.138
4359.	751.6	2.138
4360.	751.8	2.138
4361.	752.0	2.138
4362.	752.2	2.138
4363.	752.3	2.138
4364.	752.4	2.138
4365.	752.6	2.138
4366.	752.7	2.138
4367.	753.0	2.138
4368.	753.1	2.138
4369.	753.3	2.138
4370.	753.5	2.139
4371.	753.7	2.138
4372.	753.8	2.138
4373.	754.0	2.139
4374.	754.1	2.138
4375.	754.3	2.139
4376.	754.5	2.139
4377.	754.7	2.139
4378.	754.8	2.139
4379.	754.9	2.139
4380.	755.1	2.139
4381.	755.3	2.139
4382.	755.5	2.139
4383.	755.7	2.139
4384.	755.8	2.139
4385.	756.0	2.139
4386.	756.2	2.139
4387.	756.4	2.139
4388.	756.5	2.139
4389.	756.7	2.139
4390.	756.9	2.139
4391.	757.0	2.139
4392.	757.1	2.139
4393.	757.3	2.139
4394.	757.5	2.139
4395.	757.7	2.139
4396.	757.9	2.139
4397.	758.1	2.139
4398.	758.2	2.139
4399.	758.4	2.139
4400.	758.6	2.139
4401.	758.7	2.139
4402.	758.9	2.139
4403.	759.0	2.139
4404.	759.2	2.139
4405.	759.3	2.139
4406.	759.6	2.139
4407.	759.7	2.139
4408.	759.9	2.139
4409.	760.0	2.139
4410.	760.1	2.139
4411.	760.3	2.139
4412.	760.5	2.139
4413.	760.7	2.139
4414.	760.9	2.139
4415.	761.1	2.139
4416.	761.2	2.139
4417.	761.4	2.139
4418.	761.5	2.139
4419.	761.7	2.139
4420.	761.9	2.139
4421.	762.0	2.139
4422.	762.1	2.139
4423.	762.3	2.139
4424.	762.5	2.139
4425.	762.7	2.139
4426.	762.8	2.139
4427.	763.0	2.140
4428.	763.2	2.139
4429.	763.3	2.140
4430.	763.5	2.140
4431.	763.7	2.140
4432.	763.9	2.140
4433.	764.1	2.140
4434.	764.3	2.140
4435.	764.4	2.140
4436.	764.5	2.140
4437.	764.7	2.140
4438.	764.9	2.140
4439.	765.0	2.140
4440.	765.2	2.140
4441.	765.4	2.140
4442.	765.6	2.140
4443.	765.8	2.140
4444.	765.9	2.140
4445.	766.1	2.140
4446.	766.3	2.140
4447.	766.4	2.140
4448.	766.6	2.140
4449.	766.8	2.140
4450.	766.9	2.140
4451.	767.1	2.141
4452.	767.3	2.141
4453.	767.4	2.141
4454.	767.6	2.141
4455.	767.8	2.141
4456.	767.9	2.141
4457.	768.1	2.141
4458.	768.2	2.141
4459.	768.3	2.141
4460.	768.5	2.141
4461.	768.6	2.141
4462.	768.8	2.141
4463.	769.0	2.141
4464.	769.1	2.141
4465.	769.3	2.141
4466.	769.5	2.141
4467.	769.7	2.141
4468.	769.9	2.141
4469.	770.0	2.141
4470.	770.2	2.141
4471.	770.4	2.141
4472.	770.6	2.141
4473.	770.7	2.141
4474.	770.9	2.142
4475.	771.1	2.142
4476.	771.2	2.142
4477.	771.4	2.142
4478.	771.5	2.142
4479.	771.7	2.142
4480.	771.9	2.141
4481.	772.0	2.142
4482.	772.2	2.142
4483.	772.4	2.142
4484.	772.5	2.142
4485.	772.7	2.142
4486.	772.8	2.142
4487.	773.0	2.142
4488.	773.2	2.142
4489.	773.4	2.142
4490.	773.5	2.142
4491.	773.6	2.142
4492.	773.8	2.142
4493.	773.9	2.142
4494.	774.1	2.142
4495.	774.3	2.142
4496.	774.4	2.142
4497.	774.6	2.142
4498.	774.8	2.142
4499.	775.0	2.143
4500.	775.1	2.143
4501.	775.3	2.143
4502.	775.5	2.143
4503.	775.7	2.143
4504.	775.9	2.143
4505.	776.0	2.143
4506.	776.1	2.143
4507.	776.2	2.143
4508.	776.4	2.143
4509.	776.6	2.143
4510.	776.8	2.143
4511.	777.0	2.143
4512.	777.2	2.143
4513.	777.4	2.143
4514.	777.5	2.143
4515.	777.7	2.143
4516.	777.8	2.143
4517.	778.0	2.143
4518.	778.2	2.143
4519.	778.3	2.143
4520.	778.5	2.143
4521.	778.7	2.143
4522.	778.8	2.143
4523.	779.0	2.144
4524.	779.1	2.143
4525.	779.3	2.144
4526.	779.4	2.144
4527.	779.6	2.144
4528.	779.8	2.144
4529.	779.9	2.144
4530.	780.1	2.144
4531.	780.2	2.144
4532.	780.4	2.144
4533.	780.6	2.144
4534.	780.8	2.144
4535.	780.9	2.144
4536.	781.1	2.144
4537.	781.2	2.144
4538.	781.4	2.144
4539.	781.5	2.144
4540.	781.7	2.144
4541.	781.9	2.145
4542.	782.1	2.144
4543.	782.2	2.145
4544.	782.4	2.144
4545.	782.6	2.144
4546.	782.8	2.144
4547.	782.9	2.144
4548.	783.1	2.144
4549.	783.3	2.144
4550.	783.5	2.144
4551.	783.6	2.144
4552.	783.8	2.144
4553.	784.0	2.144
4554.	784.2	2.144
4555.	784.3	2.144
4556.	784.5	2.144
4557.	784.6	2.144
4558.	784.8	2.144
4559.	785.0	2.144
4560.	785.1	2.144
4561.	785.4	2.144
4562.	785.5	2.144
4563.	785.7	2.144
4564.	785.9	2.144
4565.	786.1	2.144
4566.	786.3	2.144
4567.	786.4	2.144
4568.	786.6	2.144
4569.	786.8	2.144
4570.	786.9	2.144
4571.	787.1	2.144
4572.	787.2	2.145
4573.	787.4	2.144
4574.	787.6	2.145
4575.	787.7	2.145
4576.	787.9	2.145
4577.	788.0	2.145
4578.	788.2	2.145
4579.	788.4	2.145
4580.	788.5	2.145
4581.	788.7	2.145
4582.	788.9	2.145
4583.	789.0	2.145
4584.	789.2	2.145
4585.	789.3	2.145
4586.	789.5	2.145
4587.	789.7	2.145
4588.	789.8	2.145
4589.	790.0	2.145
4590.	790.1	2.145
4591.	790.3	2.145
4592.	790.4	2.145
4593.	790.6	2.145
4594.	790.8	2.145
4595.	790.9	2.145
4596.	791.1	2.145
4597.	791.3	2.145
4598.	791.4	2.145
4599.	791.5	2.145
4600.	791.7	2.145
4601.	791.9	2.145
4602.	792.1	2.145
4603.	792.3	2.145
4604.	792.5	2.145
4605.	792.7	2.145
4606.	792.8	2.145
4607.	793.0	2.145
4608.	793.1	2.145
4609.	793.3	2.145
4610.	793.5	2.145
4611.	793.6	2.146
4612.	793.8	2.146
4613.	794.0	2.146
4614.	794.1	2.146
4615.	794.3	2.146
4616.	794.5	2.146
4617.	794.6	2.146
4618.	794.9	2.146
4619.	795.0	2.146
4620.	795.2	2.146
4621.	795.4	2.146
4622.	795.5	2.146
4623.	795.7	2.146
4624.	795.8	2.146
4625.	796.0	2.146
4626.	796.1	2.146
4627.	796.3	2.146
4628.	796.5	2.146
4629.	796.6	2.146
4630.	796.8	2.146
4631.	797.0	2.146
4632.	797.2	2.146
4633.	797.3	2.146
4634.	797.6	2.146
4635.	797.7	2.146
4636.	797.9	2.146
4637.	798.0	2.146
4638.	798.1	2.146
4639.	798.3	2.146
4640.	798.5	2.146
4641.	798.7	2.146
4642.	798.9	2.146
4643.	799.0	2.146
4644.	799.2	2.146
4645.	799.4	2.146
4646.	799.5	2.146
4647.	799.8	2.146
4648.	799.9	2.146