nstrument TGA-50H
Module TGA-50H
Operator LJ - LATAT
Sample Kit10-Resina-A
Size 6.694 mg
Method 
Comment 
Xcomment Pan: Platinum
Xcomment Gas1: Nitrogen
Xcomment Balance Gas: Nitrogen 20.0 ml/min
Xcomment Sample Gas: Nitrogen 20.0 ml/min
Nsig 3
Sig1 Time (sec)
Sig2 Temperature (C)
Sig3 Weight (mg)
OrgMethod 1: Ramp 10.00 C/min to 800.00 C
0	28.54	6.69457
1	28.55	6.69588
2	28.64	6.69694
3	28.56	6.69795
4	28.5	6.69872
5	28.58	6.69952
6	28.59	6.69999
7	28.57	6.70043
8	28.47	6.70096
9	28.45	6.70145
10	28.52	6.70175
11	28.6	6.70218
12	28.57	6.70247
13	28.57	6.70256
14	28.72	6.70278
15	28.65	6.70315
16	28.71	6.70319
17	28.72	6.70356
18	28.82	6.70374
19	28.82	6.70418
20	28.85	6.70445
21	28.85	6.70444
22	28.88	6.70485
23	28.89	6.70482
24	29.01	6.70515
25	29.09	6.70501
26	29.15	6.70538
27	29.29	6.70538
28	29.4	6.70558
29	29.47	6.70574
30	29.5	6.70578
31	29.67	6.70584
32	29.79	6.70603
33	29.82	6.70615
34	29.85	6.7061
35	30.03	6.70635
36	30.12	6.70632
37	30.11	6.70647
38	30.27	6.70656
39	30.32	6.70656
40	30.36	6.70677
41	30.37	6.70696
42	30.43	6.70705
43	30.56	6.70708
44	30.77	6.70711
45	30.87	6.70714
46	31.01	6.70718
47	31.09	6.70723
48	31.28	6.70734
49	31.34	6.70733
50	31.43	6.70739
51	31.63	6.70744
52	31.74	6.7074
53	31.79	6.70742
54	31.8	6.70725
55	31.9	6.70742
56	31.93	6.70745
57	32.1	6.70769
58	32.18	6.70784
59	32.25	6.70772
60	32.36	6.70775
61	32.39	6.7078
62	32.49	6.70797
63	32.7	6.70789
64	32.76	6.70825
65	32.89	6.70833
66	33	6.70833
67	33.08	6.70843
68	33.23	6.70851
69	33.33	6.70861
70	33.49	6.70894
71	33.61	6.70912
72	33.75	6.70905
73	33.92	6.70931
74	34.11	6.70939
75	34.15	6.70953
76	34.25	6.70966
77	34.46	6.70988
78	34.65	6.70988
79	34.77	6.70987
80	34.97	6.7101
81	35.12	6.71025
82	35.37	6.71044
83	35.52	6.71042
84	35.65	6.71072
85	35.82	6.7107
86	35.99	6.711
87	36.25	6.71097
88	36.53	6.71105
89	36.58	6.71105
90	36.7	6.71129
91	36.76	6.71127
92	37.05	6.71124
93	37.18	6.71131
94	37.4	6.71131
95	37.57	6.71146
96	37.67	6.71158
97	37.89	6.71158
98	38.1	6.71164
99	38.23	6.71182
100	38.51	6.71163
101	38.59	6.71179
102	38.76	6.71186
103	38.93	6.71183
104	39.02	6.71191
105	39.17	6.71176
106	39.45	6.71184
107	39.58	6.71182
108	39.77	6.71187
109	40	6.71197
110	40.25	6.71177
111	40.41	6.71183
112	40.55	6.7118
113	40.75	6.71184
114	41	6.71161
115	41.21	6.71183
116	41.38	6.71171
117	41.48	6.71158
118	41.7	6.71167
119	41.81	6.71148
120	41.92	6.7115
121	42.03	6.71146
122	42.31	6.7112
123	42.52	6.71132
124	42.72	6.71118
125	42.85	6.71108
126	43.11	6.71087
127	43.27	6.71087
128	43.38	6.71091
129	43.58	6.71091
130	43.81	6.7109
131	43.89	6.71086
132	44.06	6.7108
133	44.26	6.71043
134	44.33	6.71027
135	44.58	6.71033
136	44.75	6.71015
137	44.85	6.71023
138	44.96	6.71005
139	45.21	6.7098
140	45.4	6.70988
141	45.59	6.71005
142	45.72	6.70979
143	45.8	6.70978
144	45.91	6.70976
145	46.08	6.70953
146	46.18	6.70966
147	46.39	6.70945
148	46.64	6.70946
149	46.72	6.7093
150	46.97	6.7093
151	47.11	6.70924
152	47.23	6.70902
153	47.45	6.70882
154	47.59	6.70872
155	47.74	6.70875
156	47.92	6.70848
157	48.05	6.70848
158	48.21	6.70829
159	48.3	6.70827
160	48.4	6.70806
161	48.61	6.70824
162	48.72	6.70823
163	48.89	6.70787
164	48.95	6.70788
165	49.07	6.70805
166	49.28	6.70793
167	49.48	6.70782
168	49.64	6.7077
169	49.8	6.70766
170	49.87	6.70774
171	50.07	6.70769
172	50.29	6.70757
173	50.39	6.70754
174	50.59	6.70737
175	50.75	6.70738
176	50.92	6.7073
177	51.08	6.70728
178	51.23	6.70737
179	51.33	6.70725
180	51.54	6.7073
181	51.71	6.70715
182	51.81	6.707
183	51.98	6.70695
184	52.14	6.70688
185	52.21	6.70687
186	52.47	6.7067
187	52.66	6.70665
188	52.79	6.70672
189	52.96	6.70656
190	53.07	6.70641
191	53.33	6.70628
192	53.46	6.70633
193	53.55	6.70625
194	53.72	6.70611
195	53.93	6.706
196	54.13	6.70593
197	54.4	6.70583
198	54.56	6.70582
199	54.75	6.70559
200	54.96	6.70554
201	55.26	6.70555
202	55.38	6.70543
203	55.55	6.70519
204	55.73	6.70497
205	55.91	6.70493
206	56.14	6.70491
207	56.25	6.70474
208	56.32	6.70465
209	56.54	6.70465
210	56.67	6.70471
211	56.76	6.70423
212	56.87	6.70416
213	57.08	6.7038
214	57.23	6.70368
215	57.45	6.70347
216	57.61	6.70336
217	57.81	6.70337
218	58.01	6.7032
219	58.06	6.70298
220	58.22	6.70303
221	58.42	6.70295
222	58.59	6.70276
223	58.8	6.70264
224	58.97	6.70254
225	59.17	6.7024
226	59.33	6.70229
227	59.44	6.70225
228	59.6	6.70213
229	59.8	6.70183
230	59.95	6.70173
231	60.19	6.70169
232	60.35	6.70158
233	60.62	6.70109
234	60.71	6.70102
235	60.77	6.70079
236	61.01	6.70074
237	61.15	6.70039
238	61.31	6.70024
239	61.54	6.70008
240	61.66	6.69998
241	61.87	6.69987
242	62.03	6.69972
243	62.15	6.69929
244	62.38	6.69907
245	62.5	6.6989
246	62.65	6.69874
247	62.78	6.69882
248	63	6.69861
249	63.18	6.69831
250	63.34	6.69809
251	63.43	6.69806
252	63.67	6.69782
253	63.79	6.69758
254	63.94	6.69742
255	64.07	6.69727
256	64.24	6.69715
257	64.47	6.69704
258	64.6	6.69658
259	64.7	6.69662
260	64.79	6.69646
261	65.01	6.69609
262	65.18	6.69646
263	65.26	6.69494
264	65.42	6.69636
265	65.56	6.69544
266	65.77	6.6949
267	65.97	6.69517
268	66.07	6.69543
269	66.24	6.6954
270	66.33	6.69497
271	66.51	6.69499
272	66.66	6.69479
273	66.84	6.69439
274	66.96	6.69411
275	67.16	6.69382
276	67.38	6.69364
277	67.59	6.69336
278	67.71	6.69313
279	67.8	6.69313
280	68.03	6.69281
281	68.22	6.69238
282	68.34	6.6923
283	68.53	6.6922
284	68.67	6.69184
285	68.84	6.69171
286	69.06	6.69159
287	69.18	6.69149
288	69.35	6.69128
289	69.36	6.69115
290	69.56	6.69087
291	69.75	6.69094
292	69.85	6.69057
293	70.09	6.69044
294	70.29	6.69027
295	70.43	6.68987
296	70.74	6.68955
297	70.81	6.68937
298	70.99	6.68889
299	71.14	6.6888
300	71.34	6.68854
301	71.56	6.6881
302	71.79	6.68789
303	71.96	6.68772
304	72.14	6.68774
305	72.29	6.68751
306	72.42	6.68746
307	72.63	6.68753
308	72.85	6.68717
309	73.04	6.68671
310	73.11	6.68649
311	73.27	6.68615
312	73.42	6.68584
313	73.57	6.68561
314	73.77	6.685
315	73.99	6.68485
316	74.14	6.68452
317	74.25	6.6845
318	74.39	6.68421
319	74.64	6.68406
320	74.82	6.68391
321	75	6.68347
322	75.18	6.68303
323	75.34	6.68267
324	75.53	6.68226
325	75.7	6.68187
326	75.75	6.68176
327	75.92	6.68167
328	76.11	6.68133
329	76.26	6.68115
330	76.44	6.68125
331	76.58	6.68082
332	76.74	6.68066
333	76.88	6.68009
334	77.02	6.67958
335	77.18	6.67915
336	77.42	6.67884
337	77.5	6.67864
338	77.64	6.67837
339	77.83	6.67842
340	78.09	6.67837
341	78.29	6.67827
342	78.44	6.678
343	78.63	6.67764
344	78.66	6.67711
345	78.88	6.67684
346	79.03	6.6762
347	79.15	6.67578
348	79.41	6.67544
349	79.48	6.67498
350	79.67	6.67491
351	79.83	6.67455
352	79.94	6.67464
353	80.1	6.67431
354	80.32	6.67398
355	80.48	6.67386
356	80.73	6.67341
357	80.74	6.67289
358	80.98	6.67265
359	81.25	6.67202
360	81.44	6.67185
361	81.54	6.67154
362	81.63	6.67143
363	81.81	6.67125
364	81.99	6.67094
365	82.12	6.67081
366	82.31	6.67056
367	82.49	6.67011
368	82.69	6.66975
369	82.85	6.66882
370	83.02	6.66841
371	83.18	6.66794
372	83.4	6.66769
373	83.49	6.66734
374	83.61	6.66742
375	83.75	6.66709
376	83.97	6.66685
377	84.11	6.66642
378	84.32	6.66614
379	84.49	6.66534
380	84.61	6.66489
381	84.86	6.66439
382	84.99	6.66394
383	85.17	6.66352
384	85.37	6.66348
385	85.57	6.66329
386	85.73	6.66301
387	85.83	6.66307
388	85.97	6.66265
389	86.14	6.66272
390	86.31	6.66201
391	86.55	6.66151
392	86.61	6.6608
393	86.88	6.65988
394	86.96	6.65974
395	87.08	6.65929
396	87.28	6.65916
397	87.41	6.65889
398	87.55	6.65868
399	87.74	6.6586
400	87.9	6.65845
401	88.13	6.65805
402	88.23	6.65743
403	88.33	6.6568
404	88.47	6.65593
405	88.62	6.65533
406	88.78	6.65481
407	89.07	6.65463
408	89.23	6.65452
409	89.47	6.65446
410	89.6	6.65415
411	89.81	6.65379
412	89.92	6.65342
413	90.11	6.65279
414	90.27	6.65213
415	90.42	6.65153
416	90.72	6.65093
417	90.76	6.65058
418	91.01	6.65002
419	91.14	6.64967
420	91.29	6.64944
421	91.39	6.64917
422	91.53	6.6489
423	91.74	6.64845
424	91.93	6.64802
425	92.11	6.64762
426	92.36	6.64708
427	92.55	6.64633
428	92.73	6.64559
429	92.82	6.64495
430	92.95	6.64462
431	93.13	6.64418
432	93.22	6.64371
433	93.35	6.64363
434	93.54	6.64313
435	93.74	6.64277
436	93.88	6.64235
437	94.06	6.64201
438	94.22	6.64149
439	94.45	6.64117
440	94.62	6.6405
441	94.84	6.64006
442	95.06	6.63971
443	95.17	6.63905
444	95.28	6.63841
445	95.44	6.63758
446	95.65	6.63717
447	95.84	6.63663
448	95.95	6.63599
449	96.03	6.6355
450	96.11	6.63516
451	96.25	6.63493
452	96.39	6.63444
453	96.53	6.63405
454	96.7	6.63363
455	96.87	6.63318
456	97.03	6.63262
457	97.23	6.6321
458	97.31	6.63134
459	97.49	6.6308
460	97.65	6.63038
461	97.8	6.62983
462	97.95	6.62904
463	98.15	6.62856
464	98.32	6.62807
465	98.51	6.6274
466	98.67	6.6268
467	98.86	6.62633
468	99.04	6.62588
469	99.18	6.6254
470	99.36	6.62477
471	99.47	6.62432
472	99.6	6.6237
473	99.81	6.62314
474	99.99	6.62282
475	100	6.62236
476	100.2	6.6219
477	100.5	6.62142
478	100.7	6.62088
479	100.9	6.62063
480	101	6.62014
481	101.2	6.61969
482	101.4	6.6192
483	101.5	6.61862
484	101.7	6.61793
485	101.8	6.61738
486	102	6.61686
487	102.2	6.6162
488	102.4	6.61538
489	102.6	6.6148
490	102.8	6.61417
491	103	6.61328
492	103.1	6.61278
493	103.3	6.61205
494	103.5	6.61136
495	103.7	6.61082
496	103.9	6.61012
497	104.1	6.60945
498	104.3	6.60914
499	104.5	6.60831
500	104.7	6.60781
501	104.8	6.60723
502	105	6.60663
503	105.2	6.60603
504	105.4	6.60557
505	105.5	6.6048
506	105.6	6.60459
507	105.8	6.60376
508	106	6.60316
509	106.1	6.60265
510	106.2	6.60195
511	106.4	6.60142
512	106.5	6.60111
513	106.7	6.60003
514	106.9	6.5994
515	107.1	6.59886
516	107.2	6.59819
517	107.3	6.59752
518	107.4	6.59673
519	107.6	6.59618
520	107.8	6.59543
521	108	6.59465
522	108.2	6.59402
523	108.3	6.59339
524	108.5	6.59253
525	108.6	6.59192
526	108.7	6.59106
527	109	6.59048
528	109.1	6.58969
529	109.2	6.58899
530	109.4	6.58818
531	109.4	6.58733
532	109.6	6.58696
533	109.8	6.58652
534	109.9	6.58568
535	110.1	6.58522
536	110.3	6.58452
537	110.4	6.58395
538	110.6	6.58348
539	110.8	6.58279
540	111	6.582
541	111.2	6.5816
542	111.4	6.58097
543	111.5	6.58031
544	111.6	6.57954
545	111.8	6.57899
546	111.9	6.57805
547	112.1	6.57742
548	112.3	6.57684
549	112.4	6.57609
550	112.6	6.5752
551	112.7	6.57451
552	112.9	6.57379
553	113.1	6.57295
554	113.3	6.57214
555	113.4	6.57149
556	113.5	6.5708
557	113.8	6.57016
558	113.9	6.56913
559	114.1	6.56848
560	114.3	6.56763
561	114.4	6.56706
562	114.6	6.56624
563	114.9	6.56544
564	115	6.56486
565	115.2	6.56399
566	115.3	6.56346
567	115.5	6.56281
568	115.7	6.56221
569	115.9	6.56128
570	116.1	6.56073
571	116.3	6.55986
572	116.5	6.55922
573	116.7	6.55832
574	116.8	6.55783
575	117	6.55698
576	117.2	6.55619
577	117.3	6.55531
578	117.5	6.55448
579	117.7	6.5535
580	117.9	6.55302
581	118	6.55195
582	118.3	6.55108
583	118.4	6.55022
584	118.5	6.54911
585	118.7	6.54842
586	118.8	6.5475
587	119	6.54663
588	119.2	6.54563
589	119.5	6.54486
590	119.6	6.54402
591	119.6	6.5435
592	119.8	6.54244
593	120	6.54164
594	120.2	6.54077
595	120.4	6.53979
596	120.5	6.53922
597	120.7	6.53857
598	120.8	6.53758
599	121.1	6.53679
600	121.3	6.5362
601	121.4	6.53533
602	121.5	6.53463
603	121.6	6.53389
604	121.8	6.53288
605	122	6.53205
606	122.1	6.53115
607	122.2	6.53024
608	122.5	6.52935
609	122.6	6.5286
610	122.7	6.52746
611	123	6.52667
612	123.2	6.52575
613	123.3	6.52473
614	123.4	6.52428
615	123.5	6.5231
616	123.8	6.52237
617	123.9	6.52157
618	124.1	6.52029
619	124.2	6.5196
620	124.3	6.51872
621	124.5	6.51785
622	124.7	6.51707
623	124.8	6.51599
624	124.9	6.51514
625	125	6.51447
626	125.2	6.51356
627	125.4	6.51263
628	125.5	6.51162
629	125.7	6.51076
630	125.8	6.50993
631	126	6.50919
632	126.2	6.50829
633	126.4	6.50735
634	126.5	6.50648
635	126.7	6.50577
636	126.8	6.50514
637	127	6.50454
638	127.1	6.50371
639	127.3	6.5031
640	127.5	6.50213
641	127.7	6.50127
642	127.8	6.50045
643	128	6.49971
644	128.2	6.49883
645	128.3	6.49803
646	128.5	6.49723
647	128.8	6.49631
648	129	6.49551
649	129.2	6.49464
650	129.3	6.49371
651	129.5	6.49252
652	129.8	6.49143
653	130	6.49055
654	130.2	6.48934
655	130.4	6.48846
656	130.7	6.4875
657	130.7	6.48645
658	130.9	6.48577
659	131.1	6.48489
660	131.2	6.48403
661	131.4	6.48338
662	131.5	6.48219
663	131.7	6.48141
664	131.9	6.48058
665	132.1	6.47979
666	132.2	6.47883
667	132.3	6.47803
668	132.5	6.47728
669	132.6	6.47614
670	132.8	6.47513
671	133	6.47411
672	133.2	6.47332
673	133.3	6.47222
674	133.5	6.47149
675	133.6	6.47063
676	133.8	6.46955
677	134	6.46863
678	134.2	6.46769
679	134.3	6.46685
680	134.5	6.46683
681	134.7	6.46524
682	134.8	6.46386
683	134.9	6.46242
684	135	6.46175
685	135.3	6.46081
686	135.3	6.4599
687	135.5	6.45891
688	135.7	6.45802
689	135.8	6.45727
690	136	6.45614
691	136.2	6.45513
692	136.3	6.4541
693	136.5	6.45302
694	136.7	6.45197
695	136.8	6.45102
696	137	6.4502
697	137.2	6.44939
698	137.4	6.44839
699	137.5	6.4476
700	137.6	6.44651
701	137.8	6.44571
702	137.9	6.44508
703	138.2	6.44397
704	138.3	6.44299
705	138.5	6.44223
706	138.7	6.44136
707	138.8	6.4407
708	139	6.43995
709	139.2	6.43888
710	139.4	6.43756
711	139.6	6.4367
712	139.7	6.43596
713	139.9	6.43491
714	140	6.43401
715	140.2	6.4331
716	140.3	6.43217
717	140.4	6.43131
718	140.6	6.43014
719	140.8	6.42937
720	141	6.42808
721	141.2	6.42717
722	141.3	6.42668
723	141.5	6.42574
724	141.6	6.42471
725	141.7	6.4236
726	141.9	6.42252
727	142	6.42173
728	142.2	6.42064
729	142.4	6.41948
730	142.6	6.41872
731	142.7	6.41775
732	142.8	6.41671
733	143	6.41588
734	143.2	6.41501
735	143.4	6.41398
736	143.5	6.41302
737	143.6	6.41228
738	143.8	6.41138
739	144.1	6.41031
740	144.3	6.40918
741	144.4	6.40854
742	144.6	6.40763
743	144.7	6.40684
744	144.9	6.4059
745	145.1	6.40503
746	145.3	6.40413
747	145.4	6.40309
748	145.6	6.40212
749	145.8	6.40119
750	145.9	6.40023
751	146.1	6.39944
752	146.3	6.39865
753	146.5	6.39756
754	146.7	6.39663
755	146.8	6.39555
756	147	6.39473
757	147.2	6.39388
758	147.4	6.39294
759	147.6	6.39178
760	147.7	6.39076
761	148	6.38976
762	148.1	6.38895
763	148.3	6.38783
764	148.4	6.38681
765	148.6	6.38581
766	148.8	6.38478
767	148.9	6.38376
768	149.1	6.383
769	149.3	6.38173
770	149.5	6.38067
771	149.8	6.37971
772	149.9	6.37885
773	150	6.3779
774	150.2	6.37685
775	150.2	6.37558
776	150.4	6.37476
777	150.6	6.37393
778	150.8	6.37281
779	150.9	6.37195
780	151	6.37074
781	151.2	6.36989
782	151.4	6.36901
783	151.7	6.36817
784	151.7	6.36691
785	151.9	6.36591
786	152	6.36518
787	152.2	6.36431
788	152.4	6.36314
789	152.6	6.3623
790	152.7	6.36124
791	152.8	6.36053
792	153	6.35964
793	153.2	6.35879
794	153.3	6.35769
795	153.5	6.35654
796	153.6	6.35577
797	153.8	6.35474
798	154	6.35378
799	154.1	6.353
800	154.3	6.35179
801	154.5	6.35112
802	154.6	6.35016
803	154.7	6.34924
804	154.8	6.34847
805	155	6.34753
806	155.1	6.34642
807	155.3	6.34581
808	155.4	6.34483
809	155.6	6.3439
810	155.8	6.34316
811	156	6.34207
812	156.2	6.34105
813	156.4	6.34023
814	156.5	6.33924
815	156.6	6.33836
816	156.8	6.33736
817	156.9	6.33661
818	157.1	6.33567
819	157.3	6.33491
820	157.5	6.3338
821	157.6	6.33262
822	157.9	6.33196
823	158	6.33134
824	158.1	6.33044
825	158.4	6.32938
826	158.5	6.32832
827	158.7	6.32738
828	158.9	6.32661
829	159	6.3258
830	159.2	6.32477
831	159.3	6.32403
832	159.5	6.32288
833	159.7	6.32193
834	159.9	6.32116
835	160.1	6.32016
836	160.2	6.31898
837	160.4	6.31811
838	160.6	6.31735
839	160.7	6.31657
840	160.9	6.31548
841	161	6.31465
842	161.2	6.31346
843	161.4	6.31276
844	161.6	6.31218
845	161.7	6.31131
846	161.9	6.31026
847	162	6.30946
848	162.1	6.30827
849	162.4	6.30752
850	162.6	6.30671
851	162.7	6.30587
852	162.9	6.30505
853	163.1	6.30406
854	163.3	6.30308
855	163.4	6.30248
856	163.6	6.30151
857	163.7	6.30046
858	163.8	6.29949
859	164	6.29863
860	164.2	6.29782
861	164.4	6.29685
862	164.6	6.29583
863	164.7	6.29495
864	164.9	6.29389
865	165.1	6.2933
866	165.2	6.29248
867	165.4	6.29147
868	165.6	6.29067
869	165.8	6.28952
870	166	6.28874
871	166.2	6.28804
872	166.3	6.28705
873	166.6	6.28618
874	166.7	6.285
875	166.9	6.28412
876	167.1	6.28326
877	167.3	6.28234
878	167.4	6.28148
879	167.5	6.28045
880	167.7	6.27958
881	167.8	6.27865
882	167.9	6.27783
883	168.1	6.27706
884	168.2	6.27628
885	168.4	6.27507
886	168.6	6.2743
887	168.8	6.27373
888	168.9	6.27266
889	169.2	6.27196
890	169.3	6.27087
891	169.5	6.26999
892	169.6	6.26923
893	169.7	6.26829
894	169.9	6.26758
895	170.1	6.26647
896	170.3	6.26542
897	170.4	6.26467
898	170.6	6.26364
899	170.7	6.26288
900	170.8	6.26197
901	171	6.26128
902	171.3	6.26029
903	171.4	6.25955
904	171.6	6.25859
905	171.8	6.25792
906	172	6.25703
907	172.2	6.25598
908	172.3	6.25529
909	172.5	6.25462
910	172.6	6.25377
911	172.7	6.25284
912	172.9	6.25215
913	173	6.25108
914	173.1	6.25041
915	173.4	6.24967
916	173.5	6.24868
917	173.6	6.24782
918	173.8	6.24706
919	173.9	6.24586
920	174.1	6.24526
921	174.3	6.24441
922	174.6	6.24349
923	174.6	6.24263
924	174.9	6.24184
925	175.1	6.24091
926	175.2	6.24036
927	175.5	6.23962
928	175.6	6.23861
929	175.8	6.23773
930	176	6.23703
931	176.1	6.23601
932	176.3	6.23551
933	176.5	6.23444
934	176.7	6.23402
935	176.8	6.23291
936	176.9	6.23219
937	177.1	6.2316
938	177.4	6.23057
939	177.5	6.22965
940	177.6	6.22872
941	177.9	6.22828
942	177.9	6.22709
943	178	6.22644
944	178.3	6.2255
945	178.4	6.22466
946	178.5	6.22369
947	178.8	6.22299
948	179	6.22177
949	179.1	6.2211
950	179.3	6.22027
951	179.4	6.21928
952	179.6	6.2187
953	179.7	6.218
954	179.9	6.21696
955	180	6.21624
956	180.2	6.2156
957	180.4	6.21481
958	180.6	6.21384
959	180.7	6.21311
960	181	6.21245
961	181.1	6.21174
962	181.3	6.21075
963	181.5	6.20998
964	181.6	6.20921
965	181.8	6.2084
966	181.9	6.20724
967	182.1	6.20666
968	182.2	6.20577
969	182.4	6.20506
970	182.6	6.20415
971	182.8	6.20341
972	182.9	6.2025
973	183.1	6.20175
974	183.3	6.20111
975	183.5	6.20036
976	183.7	6.19946
977	183.7	6.19861
978	183.9	6.19771
979	184.1	6.19726
980	184.3	6.19676
981	184.5	6.19594
982	184.7	6.1951
983	184.9	6.19447
984	185.1	6.1936
985	185.3	6.1928
986	185.5	6.19207
987	185.5	6.19123
988	185.7	6.19042
989	185.9	6.18961
990	186.1	6.18885
991	186.2	6.18786
992	186.3	6.1872
993	186.6	6.18639
994	186.8	6.18565
995	186.9	6.18469
996	187	6.18386
997	187.3	6.18314
998	187.4	6.1825
999	187.7	6.18178
1000	187.8	6.18084
1001	187.9	6.18007
1002	188.1	6.17925
1003	188.2	6.17844
1004	188.4	6.17786
1005	188.5	6.17738
1006	188.7	6.17682
1007	188.8	6.17593
1008	189.1	6.17512
1009	189.3	6.17428
1010	189.4	6.17351
1011	189.5	6.173
1012	189.7	6.17218
1013	189.8	6.17137
1014	190.1	6.17087
1015	190.2	6.17017
1016	190.4	6.16922
1017	190.5	6.1685
1018	190.6	6.16804
1019	190.8	6.16762
1020	191	6.16665
1021	191.1	6.16586
1022	191.4	6.16526
1023	191.6	6.1641
1024	191.7	6.16361
1025	191.9	6.16313
1026	192.1	6.16215
1027	192.2	6.16154
1028	192.3	6.16078
1029	192.5	6.16004
1030	192.6	6.15948
1031	192.8	6.15879
1032	193	6.15849
1033	193.2	6.15781
1034	193.3	6.15699
1035	193.5	6.1564
1036	193.6	6.15543
1037	193.8	6.15466
1038	193.9	6.15383
1039	194.1	6.15328
1040	194.3	6.15242
1041	194.5	6.15189
1042	194.6	6.15116
1043	194.8	6.15031
1044	195	6.14978
1045	195.2	6.14907
1046	195.3	6.14819
1047	195.4	6.14757
1048	195.7	6.14676
1049	195.9	6.14633
1050	196	6.14551
1051	196.3	6.14484
1052	196.5	6.14431
1053	196.6	6.14354
1054	196.8	6.14295
1055	197	6.14219
1056	197.1	6.1415
1057	197.2	6.14087
1058	197.5	6.14036
1059	197.6	6.13965
1060	197.8	6.13909
1061	198	6.13824
1062	198.1	6.13759
1063	198.2	6.13684
1064	198.4	6.13619
1065	198.6	6.13531
1066	198.7	6.13464
1067	198.8	6.13428
1068	199.1	6.1335
1069	199.3	6.13281
1070	199.4	6.13218
1071	199.6	6.13127
1072	199.8	6.13053
1073	200	6.12987
1074	200.1	6.1294
1075	200.4	6.12853
1076	200.5	6.12799
1077	200.7	6.12721
1078	200.8	6.12673
1079	200.9	6.12593
1080	201.1	6.12517
1081	201.4	6.12462
1082	201.5	6.12407
1083	201.7	6.12344
1084	201.8	6.12261
1085	202	6.12198
1086	202.1	6.12146
1087	202.3	6.12078
1088	202.4	6.11991
1089	202.7	6.11955
1090	202.7	6.11879
1091	202.9	6.11815
1092	203.1	6.11752
1093	203.3	6.11673
1094	203.4	6.116
1095	203.5	6.11527
1096	203.7	6.11469
1097	203.9	6.11417
1098	204	6.11354
1099	204.2	6.11293
1100	204.3	6.1123
1101	204.5	6.11147
1102	204.6	6.1109
1103	204.8	6.1102
1104	205	6.1097
1105	205.2	6.10901
1106	205.4	6.10836
1107	205.6	6.10778
1108	205.7	6.10704
1109	205.9	6.10625
1110	206.1	6.10575
1111	206.2	6.10522
1112	206.3	6.10464
1113	206.5	6.1041
1114	206.7	6.10327
1115	206.9	6.10286
1116	207.1	6.10195
1117	207.2	6.10133
1118	207.5	6.10081
1119	207.6	6.10028
1120	207.8	6.09947
1121	208	6.09911
1122	208.2	6.09824
1123	208.3	6.09765
1124	208.5	6.09699
1125	208.6	6.09638
1126	208.9	6.09589
1127	209	6.09532
1128	209.1	6.09464
1129	209.3	6.09385
1130	209.5	6.09331
1131	209.6	6.09238
1132	209.8	6.09189
1133	209.9	6.09129
1134	210.1	6.09066
1135	210.3	6.08997
1136	210.5	6.08928
1137	210.6	6.08867
1138	210.8	6.08821
1139	210.9	6.08714
1140	211.1	6.08662
1141	211.2	6.08618
1142	211.3	6.08557
1143	211.5	6.08496
1144	211.7	6.08409
1145	211.9	6.08375
1146	212.1	6.08316
1147	212.1	6.08271
1148	212.4	6.082
1149	212.5	6.08137
1150	212.6	6.08092
1151	212.8	6.08026
1152	213	6.07948
1153	213.1	6.07883
1154	213.2	6.07834
1155	213.4	6.07813
1156	213.6	6.0771
1157	213.8	6.07668
1158	213.8	6.07602
1159	214	6.07552
1160	214.2	6.07497
1161	214.4	6.07443
1162	214.5	6.07379
1163	214.8	6.07292
1164	215.1	6.07221
1165	215.2	6.07173
1166	215.4	6.07111
1167	215.6	6.07062
1168	215.8	6.06997
1169	215.9	6.06949
1170	216.1	6.06864
1171	216.3	6.06803
1172	216.5	6.06753
1173	216.6	6.06694
1174	216.8	6.06632
1175	216.9	6.06569
1176	217.1	6.06489
1177	217.3	6.06459
1178	217.5	6.06377
1179	217.6	6.06335
1180	217.8	6.06272
1181	217.9	6.0621
1182	218.1	6.06173
1183	218.3	6.06082
1184	218.5	6.06037
1185	218.7	6.0599
1186	218.9	6.0592
1187	219.1	6.0587
1188	219.2	6.05798
1189	219.4	6.05758
1190	219.6	6.05693
1191	219.8	6.0563
1192	219.9	6.05569
1193	220	6.05506
1194	220.1	6.05468
1195	220.3	6.05374
1196	220.5	6.05308
1197	220.6	6.0527
1198	220.7	6.05241
1199	220.9	6.05141
1200	221.1	6.0511
1201	221.2	6.05031
1202	221.4	6.04983
1203	221.5	6.049
1204	221.7	6.04844
1205	221.9	6.04795
1206	222	6.04749
1207	222.2	6.04673
1208	222.3	6.04645
1209	222.4	6.0457
1210	222.6	6.04515
1211	222.8	6.04462
1212	222.9	6.04391
1213	223.1	6.04333
1214	223.3	6.0429
1215	223.4	6.04263
1216	223.6	6.04189
1217	223.7	6.04157
1218	223.9	6.04069
1219	224	6.04026
1220	224.2	6.03966
1221	224.4	6.03921
1222	224.6	6.03853
1223	224.7	6.03811
1224	224.9	6.03755
1225	225	6.03682
1226	225.2	6.03619
1227	225.4	6.03562
1228	225.7	6.0352
1229	225.8	6.03455
1230	226.1	6.03384
1231	226.2	6.0334
1232	226.5	6.03296
1233	226.6	6.03235
1234	226.7	6.03191
1235	226.9	6.03122
1236	227.1	6.03062
1237	227.3	6.02994
1238	227.4	6.02928
1239	227.7	6.02879
1240	227.9	6.0283
1241	228.1	6.02778
1242	228.3	6.02718
1243	228.5	6.02678
1244	228.7	6.02632
1245	228.7	6.02555
1246	228.9	6.02491
1247	229.2	6.0244
1248	229.4	6.02374
1249	229.5	6.02343
1250	229.7	6.02266
1251	229.8	6.02234
1252	230.1	6.02161
1253	230.3	6.02104
1254	230.4	6.0203
1255	230.5	6.01982
1256	230.7	6.01913
1257	230.8	6.01875
1258	231	6.01797
1259	231.2	6.0175
1260	231.3	6.01718
1261	231.5	6.01633
1262	231.7	6.01555
1263	231.8	6.01503
1264	232	6.01433
1265	232.1	6.014
1266	232.2	6.01339
1267	232.4	6.0129
1268	232.6	6.01248
1269	232.8	6.01172
1270	232.9	6.01114
1271	233	6.01042
1272	233.2	6.00986
1273	233.3	6.00925
1274	233.5	6.00885
1275	233.7	6.00847
1276	233.8	6.00786
1277	234	6.00703
1278	234.2	6.00662
1279	234.3	6.00578
1280	234.5	6.0055
1281	234.6	6.00499
1282	234.7	6.00457
1283	234.8	6.0042
1284	235	6.00342
1285	235.1	6.00304
1286	235.3	6.00258
1287	235.5	6.0017
1288	235.7	6.00142
1289	235.9	6.00091
1290	236.1	6.00006
1291	236.2	5.9996
1292	236.4	5.99915
1293	236.5	5.99863
1294	236.7	5.99817
1295	236.8	5.99757
1296	237	5.99695
1297	237.2	5.99653
1298	237.3	5.99587
1299	237.5	5.99532
1300	237.6	5.99473
1301	237.8	5.99437
1302	238.1	5.99365
1303	238.2	5.99324
1304	238.4	5.99263
1305	238.6	5.99225
1306	238.7	5.9917
1307	239	5.99094
1308	239.2	5.99043
1309	239.4	5.9898
1310	239.6	5.98938
1311	239.7	5.98894
1312	239.9	5.9881
1313	240.1	5.98749
1314	240.2	5.98703
1315	240.4	5.98649
1316	240.6	5.98594
1317	240.8	5.98532
1318	240.9	5.98484
1319	241.1	5.98441
1320	241.3	5.98372
1321	241.5	5.98323
1322	241.7	5.98261
1323	241.8	5.98208
1324	242.1	5.98148
1325	242.2	5.98072
1326	242.3	5.9804
1327	242.5	5.97986
1328	242.6	5.97934
1329	242.8	5.97875
1330	243	5.97813
1331	243.2	5.97771
1332	243.4	5.97693
1333	243.6	5.97609
1334	243.7	5.97559
1335	243.8	5.97516
1336	243.9	5.97473
1337	244.1	5.97426
1338	244.2	5.97362
1339	244.4	5.97304
1340	244.6	5.97273
1341	244.7	5.97189
1342	244.9	5.97115
1343	245	5.97076
1344	245.2	5.97035
1345	245.4	5.96981
1346	245.5	5.9692
1347	245.7	5.96856
1348	245.9	5.96827
1349	246.1	5.96775
1350	246.2	5.96711
1351	246.3	5.96651
1352	246.5	5.96593
1353	246.7	5.96559
1354	246.9	5.96488
1355	247.1	5.96426
1356	247.2	5.96392
1357	247.4	5.96335
1358	247.6	5.96288
1359	247.7	5.96223
1360	247.9	5.96157
1361	248	5.96098
1362	248.1	5.96061
1363	248.3	5.96005
1364	248.6	5.95947
1365	248.8	5.95872
1366	248.9	5.95833
1367	249	5.95768
1368	249.2	5.95703
1369	249.4	5.9566
1370	249.5	5.95609
1371	249.6	5.95566
1372	249.8	5.95511
1373	249.9	5.95457
1374	250	5.954
1375	250.2	5.95337
1376	250.3	5.95275
1377	250.4	5.95222
1378	250.6	5.95186
1379	250.7	5.95143
1380	250.9	5.95098
1381	251	5.95038
1382	251.2	5.94988
1383	251.4	5.94918
1384	251.5	5.94889
1385	251.7	5.94822
1386	251.9	5.94754
1387	252	5.94714
1388	252.2	5.94661
1389	252.3	5.94606
1390	252.5	5.94555
1391	252.7	5.94515
1392	252.9	5.94456
1393	253	5.94399
1394	253.2	5.94346
1395	253.3	5.94271
1396	253.5	5.94224
1397	253.8	5.94182
1398	254	5.94133
1399	254.1	5.94075
1400	254.4	5.94024
1401	254.5	5.93946
1402	254.8	5.93906
1403	254.9	5.93831
1404	255.2	5.93775
1405	255.3	5.93719
1406	255.5	5.93683
1407	255.7	5.93626
1408	256	5.93556
1409	256.1	5.93502
1410	256.3	5.93441
1411	256.5	5.93389
1412	256.7	5.93301
1413	256.9	5.9327
1414	257.1	5.93215
1415	257.2	5.93167
1416	257.4	5.93097
1417	257.5	5.93055
1418	257.8	5.92981
1419	257.9	5.92942
1420	258.1	5.9287
1421	258.2	5.92805
1422	258.4	5.92751
1423	258.6	5.92717
1424	258.8	5.92652
1425	258.9	5.92596
1426	259.1	5.9256
1427	259.2	5.92475
1428	259.4	5.92409
1429	259.5	5.92343
1430	259.7	5.92284
1431	259.9	5.92249
1432	260	5.9221
1433	260.2	5.92134
1434	260.3	5.92088
1435	260.5	5.92009
1436	260.7	5.91961
1437	260.8	5.919
1438	260.9	5.91828
1439	261.1	5.91775
1440	261.3	5.91722
1441	261.4	5.91655
1442	261.5	5.91602
1443	261.6	5.9154
1444	261.8	5.91484
1445	261.9	5.91411
1446	262.1	5.91355
1447	262.2	5.913
1448	262.4	5.91243
1449	262.5	5.91157
1450	262.7	5.91114
1451	262.8	5.91055
1452	262.9	5.91008
1453	263.1	5.90943
1454	263.3	5.90879
1455	263.4	5.90844
1456	263.6	5.9079
1457	263.7	5.90744
1458	263.8	5.90682
1459	264	5.90618
1460	264.2	5.9057
1461	264.3	5.90501
1462	264.4	5.90434
1463	264.7	5.90376
1464	264.8	5.90333
1465	265	5.9028
1466	265.2	5.90233
1467	265.3	5.90169
1468	265.6	5.90114
1469	265.7	5.90058
1470	265.9	5.9
1471	266.1	5.8994
1472	266.2	5.89853
1473	266.5	5.89827
1474	266.6	5.89782
1475	266.9	5.89698
1476	267.1	5.89636
1477	267.3	5.89581
1478	267.4	5.89508
1479	267.7	5.8943
1480	267.8	5.89387
1481	268	5.89327
1482	268.2	5.89289
1483	268.4	5.89173
1484	268.6	5.89132
1485	268.8	5.89005
1486	269	5.88985
1487	269.2	5.88915
1488	269.4	5.88875
1489	269.5	5.88846
1490	269.7	5.88762
1491	269.9	5.88671
1492	270	5.88629
1493	270.2	5.88594
1494	270.4	5.885
1495	270.6	5.88412
1496	270.7	5.88359
1497	270.8	5.88321
1498	271	5.88248
1499	271.2	5.88176
1500	271.4	5.88131
1501	271.6	5.88016
1502	271.7	5.87963
1503	272	5.87901
1504	272.1	5.87829
1505	272.3	5.87768
1506	272.4	5.87702
1507	272.6	5.87609
1508	272.8	5.87528
1509	272.9	5.87461
1510	273	5.87423
1511	273.2	5.87337
1512	273.3	5.87272
1513	273.4	5.87221
1514	273.6	5.87167
1515	273.8	5.87088
1516	273.9	5.87019
1517	274.2	5.86965
1518	274.3	5.86879
1519	274.4	5.86802
1520	274.5	5.86773
1521	274.6	5.8669
1522	274.8	5.86575
1523	275	5.86507
1524	275.2	5.86477
1525	275.3	5.86378
1526	275.5	5.86335
1527	275.6	5.86238
1528	275.8	5.86169
1529	276	5.86073
1530	276.1	5.86021
1531	276.3	5.8599
1532	276.4	5.85911
1533	276.5	5.85837
1534	276.7	5.85773
1535	276.9	5.85672
1536	277	5.8559
1537	277.2	5.85529
1538	277.4	5.85463
1539	277.6	5.85418
1540	277.8	5.85328
1541	278	5.85266
1542	278.1	5.85181
1543	278.2	5.85119
1544	278.5	5.85072
1545	278.6	5.8502
1546	278.7	5.84952
1547	278.9	5.84877
1548	279.1	5.84786
1549	279.2	5.84704
1550	279.4	5.84637
1551	279.5	5.84549
1552	279.7	5.84485
1553	279.8	5.84414
1554	280	5.84341
1555	280.2	5.8424
1556	280.4	5.84188
1557	280.6	5.84114
1558	280.7	5.84053
1559	280.9	5.83978
1560	281.1	5.8392
1561	281.3	5.83816
1562	281.4	5.83735
1563	281.6	5.83623
1564	281.8	5.83559
1565	282	5.83483
1566	282.1	5.83398
1567	282.4	5.83321
1568	282.5	5.83243
1569	282.7	5.83183
1570	282.9	5.83088
1571	283	5.82992
1572	283.2	5.83004
1573	283.4	5.82863
1574	283.6	5.82749
1575	283.7	5.82713
1576	283.9	5.82645
1577	284.1	5.82554
1578	284.3	5.82448
1579	284.5	5.82378
1580	284.7	5.82264
1581	284.9	5.82198
1582	285	5.82141
1583	285.2	5.82017
1584	285.4	5.81974
1585	285.6	5.8188
1586	285.8	5.81754
1587	285.9	5.81674
1588	286	5.81595
1589	286.2	5.81501
1590	286.3	5.81405
1591	286.5	5.81294
1592	286.7	5.81217
1593	286.8	5.81109
1594	287	5.81051
1595	287.1	5.80937
1596	287.3	5.80891
1597	287.4	5.80769
1598	287.6	5.80705
1599	287.8	5.80613
1600	287.9	5.80507
1601	288	5.80422
1602	288.2	5.80335
1603	288.3	5.80253
1604	288.4	5.80157
1605	288.5	5.8007
1606	288.8	5.79965
1607	288.9	5.79862
1608	289.1	5.79779
1609	289.2	5.79706
1610	289.4	5.79606
1611	289.5	5.79496
1612	289.6	5.79408
1613	289.8	5.79299
1614	290	5.79226
1615	290.2	5.79123
1616	290.4	5.7903
1617	290.5	5.78912
1618	290.7	5.78841
1619	290.9	5.78753
1620	291	5.78664
1621	291.3	5.78583
1622	291.4	5.78486
1623	291.6	5.784
1624	291.8	5.78297
1625	292	5.78177
1626	292.2	5.78073
1627	292.4	5.77947
1628	292.6	5.77831
1629	292.7	5.77765
1630	293	5.77672
1631	293.2	5.77581
1632	293.3	5.77486
1633	293.5	5.77387
1634	293.7	5.77298
1635	293.9	5.77185
1636	294	5.77073
1637	294.2	5.76935
1638	294.5	5.76852
1639	294.7	5.76737
1640	294.8	5.76623
1641	295	5.7653
1642	295.1	5.7645
1643	295.3	5.7635
1644	295.5	5.76275
1645	295.6	5.76168
1646	295.8	5.76037
1647	295.9	5.75914
1648	296	5.75804
1649	296.2	5.75682
1650	296.4	5.75573
1651	296.5	5.75469
1652	296.7	5.75394
1653	296.9	5.75322
1654	297.1	5.75212
1655	297.2	5.75109
1656	297.3	5.74971
1657	297.5	5.74837
1658	297.6	5.74701
1659	297.7	5.74582
1660	297.9	5.74484
1661	298	5.74388
1662	298.2	5.74302
1663	298.2	5.74203
1664	298.4	5.74051
1665	298.5	5.73945
1666	298.7	5.73836
1667	298.9	5.73711
1668	299.1	5.73616
1669	299.2	5.73512
1670	299.4	5.73392
1671	299.5	5.73299
1672	299.8	5.73204
1673	300	5.73119
1674	300.1	5.72986
1675	300.3	5.72862
1676	300.4	5.72721
1677	300.6	5.72578
1678	300.8	5.72467
1679	301	5.72372
1680	301.1	5.7228
1681	301.4	5.72142
1682	301.5	5.72041
1683	301.7	5.7192
1684	301.8	5.71792
1685	301.9	5.71631
1686	302.1	5.71535
1687	302.3	5.71419
1688	302.5	5.71314
1689	302.6	5.7119
1690	302.8	5.71095
1691	303	5.70977
1692	303.2	5.70831
1693	303.3	5.70659
1694	303.5	5.70549
1695	303.7	5.70436
1696	303.8	5.70315
1697	304.1	5.70179
1698	304.3	5.70079
1699	304.5	5.69957
1700	304.6	5.69834
1701	304.8	5.69691
1702	304.9	5.69582
1703	305.1	5.69428
1704	305.3	5.69283
1705	305.3	5.69165
1706	305.5	5.69037
1707	305.7	5.68921
1708	305.9	5.68802
1709	306	5.68698
1710	306.2	5.68525
1711	306.3	5.68365
1712	306.6	5.68199
1713	306.7	5.68076
1714	306.9	5.6796
1715	307	5.67846
1716	307.2	5.67736
1717	307.3	5.67606
1718	307.5	5.67474
1719	307.7	5.67343
1720	307.9	5.67195
1721	308.1	5.67028
1722	308.2	5.66846
1723	308.4	5.66701
1724	308.5	5.66548
1725	308.7	5.6641
1726	308.8	5.6627
1727	309.1	5.66171
1728	309.3	5.66017
1729	309.4	5.65866
1730	309.6	5.65744
1731	309.8	5.65613
1732	310	5.65421
1733	310.1	5.65289
1734	310.3	5.65108
1735	310.5	5.64942
1736	310.7	5.64811
1737	310.8	5.64665
1738	311	5.64513
1739	311.2	5.64367
1740	311.4	5.6425
1741	311.5	5.64095
1742	311.7	5.6392
1743	311.8	5.63789
1744	312	5.63629
1745	312.1	5.63447
1746	312.3	5.63295
1747	312.5	5.63119
1748	312.6	5.62917
1749	312.8	5.6277
1750	312.9	5.6263
1751	313.1	5.62453
1752	313.3	5.62301
1753	313.5	5.62159
1754	313.6	5.61977
1755	313.8	5.61845
1756	314	5.61683
1757	314.1	5.61522
1758	314.3	5.61359
1759	314.5	5.61199
1760	314.6	5.61042
1761	314.8	5.60866
1762	315	5.607
1763	315.2	5.60503
1764	315.3	5.60334
1765	315.5	5.60151
1766	315.6	5.59983
1767	315.8	5.59808
1768	315.9	5.5963
1769	316.1	5.59467
1770	316.3	5.59305
1771	316.4	5.59099
1772	316.5	5.58935
1773	316.7	5.58761
1774	316.8	5.5859
1775	317	5.58468
1776	317.2	5.58273
1777	317.3	5.58097
1778	317.6	5.57935
1779	317.8	5.57732
1780	317.9	5.57574
1781	318.1	5.57384
1782	318.2	5.57192
1783	318.4	5.56991
1784	318.6	5.568
1785	318.7	5.56581
1786	318.9	5.56387
1787	319	5.56169
1788	319.1	5.56009
1789	319.3	5.55798
1790	319.4	5.55622
1791	319.6	5.55422
1792	319.8	5.55231
1793	319.9	5.55067
1794	320.1	5.5485
1795	320.3	5.54647
1796	320.4	5.54468
1797	320.7	5.54266
1798	320.9	5.54128
1799	321.1	5.53922
1800	321.2	5.53706
1801	321.4	5.53533
1802	321.5	5.53314
1803	321.7	5.5312
1804	321.9	5.52942
1805	322.1	5.52747
1806	322.3	5.52536
1807	322.4	5.52308
1808	322.6	5.5213
1809	322.7	5.51892
1810	322.8	5.51684
1811	323	5.51477
1812	323.2	5.51252
1813	323.4	5.51028
1814	323.6	5.50795
1815	323.8	5.50566
1816	323.9	5.50357
1817	324	5.50122
1818	324.2	5.49897
1819	324.4	5.4967
1820	324.7	5.49441
1821	324.8	5.49217
1822	325	5.48968
1823	325.2	5.48771
1824	325.3	5.48524
1825	325.5	5.48309
1826	325.7	5.48079
1827	325.8	5.47867
1828	326	5.47647
1829	326.1	5.47405
1830	326.3	5.47187
1831	326.4	5.46968
1832	326.6	5.46697
1833	326.9	5.46474
1834	327	5.46236
1835	327.2	5.46002
1836	327.3	5.45765
1837	327.5	5.45531
1838	327.6	5.45302
1839	327.8	5.45073
1840	327.9	5.44818
1841	328.1	5.44593
1842	328.3	5.44361
1843	328.5	5.44102
1844	328.5	5.43864
1845	328.7	5.43614
1846	328.8	5.43348
1847	329.1	5.43108
1848	329.2	5.42856
1849	329.4	5.42614
1850	329.5	5.42358
1851	329.7	5.42106
1852	329.8	5.4185
1853	330	5.41574
1854	330.2	5.41313
1855	330.4	5.41065
1856	330.5	5.40792
1857	330.7	5.40535
1858	330.8	5.40274
1859	331	5.40031
1860	331.1	5.39743
1861	331.3	5.39469
1862	331.4	5.39203
1863	331.7	5.38961
1864	331.9	5.38696
1865	332.1	5.38412
1866	332.2	5.38158
1867	332.4	5.37899
1868	332.5	5.37599
1869	332.7	5.37318
1870	332.8	5.37037
1871	332.9	5.36779
1872	333.1	5.3647
1873	333.3	5.36197
1874	333.5	5.35917
1875	333.6	5.35653
1876	333.8	5.35372
1877	333.9	5.35071
1878	334.1	5.34822
1879	334.3	5.3454
1880	334.6	5.34271
1881	334.7	5.33964
1882	334.8	5.33691
1883	335	5.33379
1884	335.2	5.33073
1885	335.3	5.32784
1886	335.5	5.32485
1887	335.7	5.32162
1888	335.8	5.31889
1889	336	5.31566
1890	336.2	5.31256
1891	336.4	5.30964
1892	336.5	5.30664
1893	336.7	5.30346
1894	336.8	5.30041
1895	337	5.29739
1896	337.3	5.29447
1897	337.4	5.29138
1898	337.5	5.28804
1899	337.7	5.28489
1900	337.9	5.28181
1901	338.1	5.2784
1902	338.2	5.27521
1903	338.4	5.27226
1904	338.6	5.2689
1905	338.8	5.26578
1906	338.9	5.26246
1907	339	5.25883
1908	339.2	5.25579
1909	339.3	5.25281
1910	339.5	5.24923
1911	339.7	5.24577
1912	339.8	5.24258
1913	340	5.23913
1914	340.1	5.23536
1915	340.3	5.23257
1916	340.5	5.22904
1917	340.6	5.22536
1918	340.8	5.22167
1919	341	5.21818
1920	341.1	5.21502
1921	341.4	5.21112
1922	341.6	5.20769
1923	341.8	5.20453
1924	342.1	5.2005
1925	342.2	5.19685
1926	342.4	5.19342
1927	342.5	5.1899
1928	342.7	5.18619
1929	342.9	5.18265
1930	343.1	5.17913
1931	343.2	5.17563
1932	343.4	5.17198
1933	343.6	5.16847
1934	343.8	5.16492
1935	343.9	5.16108
1936	344.1	5.15719
1937	344.2	5.15338
1938	344.4	5.14967
1939	344.6	5.14559
1940	344.7	5.14202
1941	344.9	5.13832
1942	345	5.13473
1943	345.2	5.13049
1944	345.4	5.12688
1945	345.5	5.12285
1946	345.7	5.11906
1947	345.9	5.11555
1948	346	5.11172
1949	346.1	5.10791
1950	346.3	5.10395
1951	346.4	5.09988
1952	346.6	5.09607
1953	346.7	5.0917
1954	346.9	5.08821
1955	347.1	5.08433
1956	347.2	5.08012
1957	347.3	5.07654
1958	347.5	5.07242
1959	347.6	5.06823
1960	347.8	5.06435
1961	347.9	5.06033
1962	348	5.05608
1963	348.2	5.05188
1964	348.5	5.04785
1965	348.6	5.04358
1966	348.8	5.03973
1967	348.9	5.03529
1968	349.1	5.03118
1969	349.3	5.02685
1970	349.4	5.02252
1971	349.5	5.01839
1972	349.8	5.01404
1973	349.9	5.00985
1974	350.1	5.00544
1975	350.3	5.00156
1976	350.5	4.9972
1977	350.7	4.99274
1978	350.8	4.98849
1979	350.9	4.9843
1980	351	4.97979
1981	351.2	4.97534
1982	351.4	4.97109
1983	351.6	4.96675
1984	351.8	4.96259
1985	352	4.9581
1986	352.1	4.95365
1987	352.3	4.94884
1988	352.5	4.94467
1989	352.7	4.94019
1990	352.9	4.93565
1991	353.1	4.93098
1992	353.3	4.92657
1993	353.5	4.92235
1994	353.6	4.91776
1995	353.9	4.91287
1996	354.1	4.90849
1997	354.3	4.90365
1998	354.4	4.89895
1999	354.6	4.89438
2000	354.8	4.8896
2001	354.9	4.88515
2002	355.1	4.87997
2003	355.3	4.87521
2004	355.4	4.87045
2005	355.6	4.86606
2006	355.8	4.86085
2007	356	4.85603
2008	356.1	4.85146
2009	356.3	4.84672
2010	356.4	4.84194
2011	356.5	4.83705
2012	356.7	4.83223
2013	356.9	4.8274
2014	357	4.82247
2015	357.2	4.81782
2016	357.3	4.81281
2017	357.5	4.80785
2018	357.6	4.80269
2019	357.8	4.7981
2020	357.9	4.79266
2021	358	4.78773
2022	358.2	4.78278
2023	358.4	4.77758
2024	358.6	4.77267
2025	358.6	4.76757
2026	358.8	4.76276
2027	359.1	4.75769
2028	359.2	4.75254
2029	359.3	4.74742
2030	359.5	4.74232
2031	359.7	4.7375
2032	359.8	4.73207
2033	360	4.72702
2034	360.1	4.72184
2035	360.4	4.71677
2036	360.5	4.7115
2037	360.7	4.70635
2038	360.8	4.70123
2039	361	4.69611
2040	361.1	4.69104
2041	361.2	4.6857
2042	361.4	4.68034
2043	361.5	4.67501
2044	361.7	4.6699
2045	361.9	4.66464
2046	362.1	4.65938
2047	362.3	4.65392
2048	362.4	4.64884
2049	362.6	4.64366
2050	362.8	4.63842
2051	362.9	4.6336
2052	363.2	4.62818
2053	363.4	4.62301
2054	363.6	4.61766
2055	363.7	4.61245
2056	363.9	4.60721
2057	364	4.60187
2058	364.2	4.5962
2059	364.4	4.59074
2060	364.5	4.58559
2061	364.8	4.58021
2062	364.9	4.57465
2063	365.2	4.56941
2064	365.3	4.56398
2065	365.4	4.55837
2066	365.6	4.55279
2067	365.7	4.54741
2068	365.9	4.54191
2069	366	4.53587
2070	366.2	4.53033
2071	366.3	4.52498
2072	366.6	4.51929
2073	366.7	4.51369
2074	366.9	4.50795
2075	367	4.50255
2076	367.2	4.4968
2077	367.3	4.49053
2078	367.5	4.48475
2079	367.6	4.47932
2080	367.8	4.47298
2081	368.1	4.4668
2082	368.2	4.46186
2083	368.3	4.4563
2084	368.4	4.44985
2085	368.6	4.44412
2086	368.8	4.43863
2087	369	4.43291
2088	369.2	4.42674
2089	369.3	4.42146
2090	369.5	4.41595
2091	369.7	4.40995
2092	369.8	4.40384
2093	370	4.39794
2094	370.2	4.39233
2095	370.3	4.38653
2096	370.5	4.38021
2097	370.7	4.37426
2098	370.9	4.36874
2099	371	4.363
2100	371.2	4.35688
2101	371.3	4.35039
2102	371.6	4.34474
2103	371.7	4.33855
2104	371.9	4.33217
2105	372	4.32607
2106	372.2	4.31981
2107	372.2	4.31391
2108	372.5	4.30801
2109	372.7	4.30188
2110	372.8	4.29519
2111	373	4.2893
2112	373.2	4.28335
2113	373.4	4.27696
2114	373.6	4.27065
2115	373.7	4.26448
2116	373.9	4.25846
2117	374	4.25234
2118	374.2	4.24588
2119	374.3	4.23942
2120	374.6	4.23353
2121	374.7	4.2275
2122	374.7	4.22135
2123	374.9	4.21484
2124	375	4.20885
2125	375.1	4.2029
2126	375.3	4.1966
2127	375.5	4.19013
2128	375.7	4.18356
2129	375.9	4.17759
2130	376	4.1715
2131	376.1	4.165
2132	376.3	4.1582
2133	376.5	4.15203
2134	376.6	4.14571
2135	376.8	4.13939
2136	377	4.13287
2137	377.2	4.12607
2138	377.4	4.11975
2139	377.5	4.11345
2140	377.8	4.10653
2141	377.9	4.09974
2142	378.1	4.09332
2143	378.3	4.08699
2144	378.5	4.08026
2145	378.7	4.07323
2146	379	4.06631
2147	379.1	4.05978
2148	379.2	4.05316
2149	379.4	4.04639
2150	379.6	4.03953
2151	379.7	4.03216
2152	379.8	4.02562
2153	380.1	4.01912
2154	380.3	4.01211
2155	380.5	4.00541
2156	380.6	3.99875
2157	380.8	3.99246
2158	381	3.98536
2159	381.2	3.97845
2160	381.4	3.97108
2161	381.5	3.96383
2162	381.6	3.95678
2163	381.8	3.95015
2164	381.9	3.94337
2165	382.1	3.9361
2166	382.2	3.92873
2167	382.4	3.922
2168	382.5	3.91533
2169	382.7	3.90852
2170	382.9	3.90131
2171	383	3.89389
2172	383.1	3.88673
2173	383.3	3.87979
2174	383.4	3.87276
2175	383.6	3.8656
2176	383.7	3.85856
2177	383.9	3.85143
2178	384	3.84512
2179	384.1	3.83819
2180	384.3	3.83146
2181	384.5	3.82447
2182	384.6	3.81715
2183	384.8	3.81013
2184	384.9	3.80301
2185	385.1	3.79607
2186	385.2	3.78901
2187	385.4	3.78141
2188	385.5	3.77376
2189	385.8	3.76704
2190	385.9	3.75992
2191	386.1	3.75278
2192	386.3	3.74588
2193	386.5	3.73859
2194	386.6	3.73161
2195	386.8	3.72527
2196	387	3.71819
2197	387.2	3.7112
2198	387.4	3.70369
2199	387.6	3.69653
2200	387.8	3.68971
2201	388	3.68249
2202	388.3	3.67531
2203	388.5	3.6679
2204	388.7	3.66069
2205	388.8	3.65363
2206	389	3.64662
2207	389.2	3.63946
2208	389.3	3.63231
2209	389.5	3.62463
2210	389.7	3.61701
2211	389.9	3.60999
2212	390	3.60291
2213	390.2	3.59489
2214	390.3	3.58715
2215	390.4	3.57938
2216	390.6	3.57214
2217	390.8	3.56453
2218	390.9	3.55732
2219	391.1	3.54975
2220	391.3	3.54205
2221	391.4	3.53476
2222	391.5	3.52712
2223	391.7	3.52007
2224	391.8	3.51285
2225	391.9	3.50543
2226	392.1	3.49791
2227	392.2	3.49059
2228	392.4	3.48317
2229	392.6	3.47626
2230	392.7	3.46897
2231	392.9	3.46174
2232	393.1	3.4543
2233	393.3	3.44689
2234	393.4	3.43947
2235	393.6	3.43259
2236	393.7	3.42542
2237	393.9	3.41844
2238	394	3.41105
2239	394.3	3.40407
2240	394.4	3.39692
2241	394.5	3.39033
2242	394.6	3.3837
2243	394.7	3.37675
2244	394.9	3.36956
2245	395.1	3.36247
2246	395.3	3.35529
2247	395.4	3.34851
2248	395.6	3.34184
2249	395.8	3.33462
2250	396.1	3.32801
2251	396.2	3.3213
2252	396.4	3.31411
2253	396.6	3.30745
2254	396.8	3.30102
2255	396.9	3.29466
2256	397.2	3.28798
2257	397.4	3.28137
2258	397.6	3.27438
2259	397.8	3.26804
2260	398	3.26132
2261	398.2	3.255
2262	398.3	3.24877
2263	398.5	3.2425
2264	398.7	3.23624
2265	398.9	3.23042
2266	399.1	3.22414
2267	399.2	3.2179
2268	399.4	3.21213
2269	399.6	3.20659
2270	399.7	3.20096
2271	399.9	3.19508
2272	400	3.18908
2273	400.2	3.18331
2274	400.3	3.17753
2275	400.5	3.1722
2276	400.7	3.16581
2277	400.9	3.1604
2278	401.1	3.15464
2279	401.1	3.14916
2280	401.4	3.14338
2281	401.5	3.13772
2282	401.6	3.13248
2283	401.8	3.12672
2284	401.9	3.12173
2285	402	3.11642
2286	402.2	3.11119
2287	402.4	3.10578
2288	402.5	3.10034
2289	402.6	3.09546
2290	402.8	3.09011
2291	403	3.08497
2292	403.1	3.07997
2293	403.3	3.07521
2294	403.5	3.06983
2295	403.6	3.06452
2296	403.9	3.0593
2297	403.9	3.05444
2298	404.1	3.0498
2299	404.2	3.04511
2300	404.4	3.04033
2301	404.6	3.03521
2302	404.8	3.03008
2303	404.9	3.02478
2304	405.1	3.01981
2305	405.3	3.01515
2306	405.5	3.01011
2307	405.7	3.00549
2308	405.9	3.00098
2309	406.1	2.99619
2310	406.2	2.99097
2311	406.4	2.98632
2312	406.6	2.98168
2313	406.8	2.9769
2314	406.9	2.97247
2315	407.2	2.96757
2316	407.3	2.9625
2317	407.5	2.95772
2318	407.6	2.95286
2319	407.8	2.94808
2320	408	2.94331
2321	408.2	2.93931
2322	408.4	2.93411
2323	408.5	2.92981
2324	408.7	2.92523
2325	408.9	2.92087
2326	409	2.91603
2327	409.1	2.91134
2328	409.4	2.90661
2329	409.5	2.90229
2330	409.7	2.89763
2331	409.8	2.89316
2332	410	2.88851
2333	410.2	2.88396
2334	410.3	2.8794
2335	410.4	2.87455
2336	410.6	2.86984
2337	410.9	2.86546
2338	411	2.86103
2339	411.2	2.85638
2340	411.4	2.85187
2341	411.5	2.84712
2342	411.7	2.84238
2343	411.9	2.83779
2344	412	2.83305
2345	412.1	2.82839
2346	412.3	2.82385
2347	412.5	2.81953
2348	412.7	2.81513
2349	412.8	2.81081
2350	412.9	2.80646
2351	413.1	2.80179
2352	413.2	2.79666
2353	413.4	2.79196
2354	413.5	2.78761
2355	413.7	2.78282
2356	413.9	2.77836
2357	414	2.77373
2358	414.2	2.76916
2359	414.4	2.76468
2360	414.6	2.76022
2361	414.7	2.75526
2362	414.9	2.75059
2363	415.1	2.74631
2364	415.3	2.74142
2365	415.4	2.7371
2366	415.6	2.7327
2367	415.7	2.72802
2368	415.8	2.72367
2369	416	2.71892
2370	416.3	2.71436
2371	416.4	2.70944
2372	416.6	2.7047
2373	416.7	2.6999
2374	417	2.69515
2375	417.1	2.69079
2376	417.3	2.68618
2377	417.5	2.68184
2378	417.7	2.67726
2379	417.8	2.67273
2380	417.9	2.66804
2381	418.2	2.6632
2382	418.3	2.6584
2383	418.5	2.65363
2384	418.7	2.64884
2385	418.8	2.64431
2386	418.9	2.63979
2387	419.1	2.63534
2388	419.2	2.63045
2389	419.4	2.62611
2390	419.6	2.62124
2391	419.7	2.61625
2392	419.9	2.61196
2393	420	2.60718
2394	420.1	2.60252
2395	420.3	2.59784
2396	420.5	2.59326
2397	420.6	2.58895
2398	420.8	2.58363
2399	421	2.57891
2400	421.2	2.57418
2401	421.3	2.56941
2402	421.5	2.56468
2403	421.7	2.55951
2404	421.9	2.5546
2405	422	2.54983
2406	422.2	2.54473
2407	422.4	2.53966
2408	422.6	2.53532
2409	422.7	2.53063
2410	422.9	2.5255
2411	423.1	2.52065
2412	423.2	2.51595
2413	423.4	2.51132
2414	423.5	2.50614
2415	423.7	2.50115
2416	423.8	2.49652
2417	424	2.49144
2418	424.2	2.48676
2419	424.4	2.48166
2420	424.6	2.47665
2421	424.8	2.47176
2422	425	2.46713
2423	425.2	2.46266
2424	425.3	2.45813
2425	425.5	2.45314
2426	425.6	2.44828
2427	425.8	2.44324
2428	426	2.43823
2429	426.1	2.43335
2430	426.3	2.42858
2431	426.5	2.42402
2432	426.6	2.41929
2433	426.8	2.41452
2434	426.9	2.40955
2435	427.1	2.40477
2436	427.3	2.39987
2437	427.4	2.39481
2438	427.6	2.38991
2439	427.7	2.38528
2440	427.9	2.38035
2441	428.1	2.3756
2442	428.2	2.37059
2443	428.4	2.36585
2444	428.6	2.36116
2445	428.7	2.35644
2446	428.8	2.35142
2447	429	2.34656
2448	429.2	2.34195
2449	429.4	2.33727
2450	429.5	2.33223
2451	429.7	2.3277
2452	429.8	2.323
2453	430	2.31795
2454	430.1	2.31299
2455	430.3	2.30831
2456	430.5	2.30392
2457	430.6	2.29888
2458	430.8	2.29372
2459	431	2.28908
2460	431.2	2.28415
2461	431.3	2.27921
2462	431.6	2.27401
2463	431.7	2.26927
2464	431.8	2.26446
2465	432	2.25974
2466	432.2	2.25489
2467	432.4	2.25029
2468	432.5	2.24519
2469	432.8	2.24055
2470	433	2.23584
2471	433.2	2.23074
2472	433.3	2.22595
2473	433.5	2.22111
2474	433.7	2.21599
2475	433.9	2.21108
2476	434.1	2.20626
2477	434.2	2.20133
2478	434.4	2.19703
2479	434.6	2.19202
2480	434.7	2.18738
2481	434.9	2.1829
2482	435	2.17812
2483	435.2	2.17358
2484	435.3	2.16877
2485	435.5	2.16427
2486	435.7	2.15965
2487	435.9	2.15495
2488	436	2.15063
2489	436.1	2.14623
2490	436.3	2.1418
2491	436.5	2.13702
2492	436.6	2.13268
2493	436.7	2.1281
2494	436.9	2.12369
2495	437	2.11896
2496	437.2	2.1144
2497	437.4	2.11005
2498	437.6	2.10512
2499	437.8	2.10086
2500	437.9	2.0968
2501	438	2.0923
2502	438.1	2.08779
2503	438.4	2.08343
2504	438.5	2.07933
2505	438.7	2.07529
2506	438.8	2.07101
2507	439	2.06694
2508	439.2	2.06239
2509	439.4	2.05814
2510	439.5	2.05389
2511	439.7	2.04962
2512	439.8	2.04538
2513	440	2.041
2514	440.1	2.03682
2515	440.3	2.03251
2516	440.5	2.02842
2517	440.6	2.02435
2518	440.9	2.02044
2519	441	2.01678
2520	441.2	2.01275
2521	441.4	2.00847
2522	441.6	2.00463
2523	441.8	2.00057
2524	442	1.99671
2525	442.2	1.9929
2526	442.3	1.98916
2527	442.4	1.98516
2528	442.6	1.9813
2529	442.7	1.9778
2530	442.9	1.97424
2531	443.1	1.97069
2532	443.3	1.96702
2533	443.4	1.96328
2534	443.6	1.95975
2535	443.8	1.95597
2536	444	1.95223
2537	444.1	1.94874
2538	444.3	1.94524
2539	444.4	1.94168
2540	444.6	1.93849
2541	444.8	1.93496
2542	444.9	1.93151
2543	445.1	1.92811
2544	445.2	1.92471
2545	445.5	1.92142
2546	445.6	1.91788
2547	445.8	1.91479
2548	446	1.91142
2549	446.1	1.90826
2550	446.3	1.905
2551	446.4	1.90193
2552	446.6	1.89878
2553	446.7	1.89553
2554	446.9	1.89254
2555	447.1	1.88928
2556	447.3	1.8864
2557	447.3	1.88338
2558	447.6	1.88044
2559	447.7	1.87776
2560	447.9	1.87472
2561	448.1	1.87184
2562	448.3	1.86873
2563	448.4	1.86586
2564	448.6	1.86319
2565	448.8	1.8603
2566	448.9	1.85761
2567	449.1	1.85477
2568	449.2	1.85195
2569	449.4	1.8492
2570	449.6	1.84649
2571	449.7	1.84431
2572	449.9	1.84178
2573	450	1.8391
2574	450.2	1.8363
2575	450.3	1.83364
2576	450.4	1.83097
2577	450.6	1.82838
2578	450.7	1.82599
2579	450.9	1.82351
2580	451.1	1.82097
2581	451.2	1.81863
2582	451.4	1.81622
2583	451.5	1.81392
2584	451.6	1.81126
2585	451.8	1.80901
2586	451.9	1.8067
2587	452	1.80458
2588	452.2	1.80191
2589	452.4	1.7998
2590	452.6	1.79748
2591	452.7	1.79524
2592	453	1.79286
2593	453.1	1.79023
2594	453.3	1.78828
2595	453.5	1.78628
2596	453.7	1.78422
2597	453.9	1.78187
2598	454.1	1.77971
2599	454.2	1.77749
2600	454.5	1.77549
2601	454.6	1.77307
2602	454.7	1.77119
2603	454.9	1.76892
2604	455.1	1.76684
2605	455.3	1.76485
2606	455.4	1.76254
2607	455.7	1.76041
2608	455.9	1.75835
2609	456.1	1.75629
2610	456.2	1.75438
2611	456.4	1.7525
2612	456.5	1.75047
2613	456.8	1.74864
2614	457	1.74682
2615	457.1	1.74478
2616	457.2	1.74294
2617	457.4	1.74108
2618	457.5	1.73903
2619	457.7	1.73718
2620	457.8	1.73532
2621	458	1.73356
2622	458.1	1.73163
2623	458.3	1.72961
2624	458.4	1.7281
2625	458.6	1.72615
2626	458.8	1.72446
2627	459	1.72276
2628	459.1	1.72113
2629	459.3	1.71925
2630	459.5	1.71757
2631	459.7	1.71563
2632	459.8	1.71399
2633	459.9	1.71232
2634	460.1	1.7107
2635	460.3	1.70926
2636	460.5	1.7075
2637	460.7	1.70568
2638	460.8	1.70423
2639	460.9	1.70273
2640	461.1	1.70082
2641	461.2	1.69929
2642	461.4	1.69774
2643	461.5	1.69602
2644	461.7	1.69474
2645	461.8	1.69321
2646	462	1.6917
2647	462.2	1.69037
2648	462.4	1.68909
2649	462.5	1.6875
2650	462.7	1.68624
2651	462.8	1.68469
2652	463	1.68339
2653	463.1	1.68189
2654	463.3	1.68057
2655	463.4	1.67913
2656	463.6	1.67758
2657	463.8	1.67627
2658	463.9	1.67503
2659	464	1.67372
2660	464.2	1.67221
2661	464.4	1.67096
2662	464.6	1.66981
2663	464.7	1.66827
2664	464.8	1.66695
2665	465	1.66563
2666	465.3	1.66419
2667	465.5	1.66302
2668	465.6	1.6617
2669	465.8	1.66055
2670	466	1.65939
2671	466.2	1.65795
2672	466.5	1.65663
2673	466.6	1.65524
2674	466.8	1.6539
2675	467	1.65241
2676	467.1	1.65134
2677	467.3	1.6502
2678	467.5	1.649
2679	467.7	1.64773
2680	467.9	1.64654
2681	468	1.64544
2682	468.2	1.64421
2683	468.4	1.64289
2684	468.5	1.64176
2685	468.6	1.64035
2686	468.9	1.63908
2687	469	1.63809
2688	469.2	1.63702
2689	469.4	1.63589
2690	469.6	1.63467
2691	469.7	1.63335
2692	469.9	1.63265
2693	470.1	1.63138
2694	470.3	1.63017
2695	470.4	1.62887
2696	470.7	1.6279
2697	470.8	1.62678
2698	470.9	1.62571
2699	471	1.62443
2700	471.2	1.62338
2701	471.4	1.62214
2702	471.6	1.62114
2703	471.7	1.6201
2704	471.8	1.61883
2705	472	1.61802
2706	472.2	1.61656
2707	472.3	1.61558
2708	472.5	1.61416
2709	472.6	1.61343
2710	472.7	1.61248
2711	472.8	1.61158
2712	473	1.61032
2713	473.1	1.60929
2714	473.3	1.60844
2715	473.5	1.6072
2716	473.7	1.60636
2717	473.9	1.60525
2718	474.1	1.60434
2719	474.3	1.60307
2720	474.3	1.60212
2721	474.6	1.60115
2722	474.7	1.5997
2723	474.9	1.59883
2724	475	1.59792
2725	475.1	1.59674
2726	475.4	1.59593
2727	475.6	1.59468
2728	475.8	1.59407
2729	476	1.59295
2730	476.1	1.59156
2731	476.3	1.59073
2732	476.5	1.58955
2733	476.7	1.58879
2734	476.9	1.58774
2735	477.1	1.58675
2736	477.2	1.58552
2737	477.4	1.58455
2738	477.6	1.58357
2739	477.8	1.5824
2740	478	1.58118
2741	478.1	1.58016
2742	478.4	1.57932
2743	478.6	1.57812
2744	478.7	1.57726
2745	479	1.57598
2746	479.1	1.57513
2747	479.3	1.5743
2748	479.4	1.57313
2749	479.6	1.57209
2750	479.8	1.57107
2751	480	1.57009
2752	480.2	1.56907
2753	480.3	1.56813
2754	480.5	1.56692
2755	480.7	1.56565
2756	480.8	1.56494
2757	481	1.56384
2758	481.1	1.56279
2759	481.3	1.56133
2760	481.4	1.56057
2761	481.5	1.55958
2762	481.6	1.5584
2763	481.7	1.55745
2764	481.9	1.55624
2765	482.1	1.55548
2766	482.2	1.55439
2767	482.4	1.55373
2768	482.5	1.55232
2769	482.6	1.55132
2770	482.8	1.55054
2771	482.9	1.54938
2772	483.1	1.54827
2773	483.2	1.54737
2774	483.4	1.5464
2775	483.6	1.54531
2776	483.7	1.54449
2777	483.8	1.54324
2778	484.1	1.54201
2779	484.2	1.54124
2780	484.3	1.53997
2781	484.6	1.53898
2782	484.7	1.53753
2783	484.9	1.5368
2784	485.1	1.5358
2785	485.2	1.53504
2786	485.4	1.53394
2787	485.6	1.53289
2788	485.7	1.53181
2789	485.9	1.53086
2790	486.1	1.52967
2791	486.3	1.52806
2792	486.5	1.52687
2793	486.7	1.52612
2794	486.8	1.52524
2795	487	1.52418
2796	487.3	1.52317
2797	487.5	1.52199
2798	487.6	1.52088
2799	487.8	1.51953
2800	488	1.51871
2801	488.1	1.51744
2802	488.3	1.51624
2803	488.5	1.51513
2804	488.6	1.51374
2805	488.8	1.5126
2806	489	1.51163
2807	489.1	1.51055
2808	489.3	1.5093
2809	489.4	1.50799
2810	489.7	1.50711
2811	489.8	1.5061
2812	490	1.50499
2813	490.1	1.50377
2814	490.3	1.5028
2815	490.5	1.5017
2816	490.6	1.50043
2817	490.8	1.49913
2818	490.9	1.49794
2819	491.1	1.49678
2820	491.3	1.49604
2821	491.4	1.49464
2822	491.6	1.49341
2823	491.8	1.49228
2824	491.9	1.49099
2825	492.1	1.48966
2826	492.3	1.48864
2827	492.4	1.48749
2828	492.6	1.48636
2829	492.7	1.485
2830	492.9	1.48381
2831	493	1.48312
2832	493.2	1.48152
2833	493.3	1.48067
2834	493.4	1.47956
2835	493.5	1.47858
2836	493.7	1.47711
2837	493.9	1.47613
2838	494	1.47485
2839	494.2	1.47363
2840	494.4	1.47289
2841	494.5	1.47146
2842	494.7	1.47018
2843	494.8	1.46884
2844	495	1.46739
2845	495.2	1.466
2846	495.4	1.46455
2847	495.5	1.46331
2848	495.7	1.46232
2849	495.8	1.461
2850	496.1	1.4595
2851	496.2	1.4583
2852	496.4	1.45682
2853	496.6	1.45559
2854	496.8	1.45431
2855	497	1.45308
2856	497.2	1.45203
2857	497.4	1.45049
2858	497.5	1.44932
2859	497.6	1.44768
2860	497.8	1.44628
2861	498	1.44522
2862	498.2	1.44375
2863	498.4	1.4423
2864	498.5	1.44059
2865	498.6	1.43969
2866	498.8	1.43827
2867	499	1.43736
2868	499.2	1.43579
2869	499.3	1.43476
2870	499.5	1.43335
2871	499.7	1.43184
2872	499.9	1.43056
2873	500.1	1.42932
2874	500.2	1.42815
2875	500.4	1.42645
2876	500.5	1.42521
2877	500.6	1.42367
2878	500.8	1.42196
2879	501	1.42061
2880	501.2	1.41929
2881	501.4	1.41788
2882	501.6	1.41642
2883	501.7	1.41547
2884	501.9	1.41392
2885	502.1	1.41239
2886	502.3	1.41109
2887	502.4	1.4097
2888	502.6	1.4083
2889	502.7	1.40675
2890	502.8	1.40544
2891	503	1.40422
2892	503.1	1.40249
2893	503.3	1.40116
2894	503.5	1.39988
2895	503.6	1.39812
2896	503.8	1.39672
2897	504	1.39519
2898	504.1	1.39358
2899	504.3	1.39245
2900	504.5	1.39087
2901	504.7	1.38959
2902	504.8	1.38795
2903	505	1.38652
2904	505.2	1.38496
2905	505.4	1.38321
2906	505.5	1.38235
2907	505.6	1.38104
2908	505.8	1.37954
2909	506	1.37781
2910	506.1	1.37676
2911	506.2	1.37551
2912	506.4	1.37401
2913	506.6	1.37225
2914	506.8	1.37062
2915	507	1.36903
2916	507.2	1.36805
2917	507.4	1.3666
2918	507.5	1.36521
2919	507.8	1.36363
2920	507.9	1.36242
2921	508.1	1.36077
2922	508.3	1.35922
2923	508.5	1.3581
2924	508.7	1.35661
2925	508.8	1.35521
2926	509	1.35351
2927	509.3	1.35224
2928	509.4	1.35123
2929	509.5	1.3499
2930	509.7	1.34865
2931	509.9	1.34724
2932	510	1.34556
2933	510.1	1.34426
2934	510.3	1.34303
2935	510.4	1.34165
2936	510.5	1.34001
2937	510.7	1.33869
2938	510.8	1.33681
2939	511	1.3352
2940	511.1	1.33372
2941	511.3	1.33203
2942	511.4	1.3304
2943	511.6	1.32899
2944	511.8	1.32776
2945	511.9	1.32663
2946	512.1	1.32535
2947	512.3	1.32433
2948	512.4	1.32281
2949	512.6	1.3209
2950	512.8	1.31949
2951	512.9	1.31766
2952	513.1	1.31609
2953	513.2	1.31458
2954	513.4	1.3131
2955	513.6	1.31226
2956	513.7	1.31104
2957	514	1.3101
2958	514.1	1.30887
2959	514.3	1.3073
2960	514.5	1.30583
2961	514.6	1.30498
2962	514.8	1.30383
2963	515	1.30222
2964	515.1	1.3007
2965	515.3	1.29919
2966	515.4	1.29754
2967	515.6	1.29621
2968	515.7	1.29492
2969	515.9	1.2937
2970	516.1	1.29234
2971	516.3	1.29106
2972	516.4	1.28988
2973	516.6	1.28869
2974	516.8	1.28707
2975	517	1.28608
2976	517.1	1.28506
2977	517.3	1.28381
2978	517.5	1.28253
2979	517.7	1.2813
2980	517.9	1.28019
2981	518.1	1.27889
2982	518.2	1.2774
2983	518.4	1.2764
2984	518.6	1.27523
2985	518.8	1.27389
2986	519	1.27271
2987	519.2	1.27185
2988	519.3	1.27094
2989	519.5	1.26969
2990	519.6	1.26808
2991	519.9	1.26714
2992	520	1.26631
2993	520.2	1.26519
2994	520.3	1.26387
2995	520.5	1.26256
2996	520.7	1.26156
2997	520.8	1.2605
2998	521	1.25928
2999	521.1	1.25825
3000	521.4	1.2571
3001	521.5	1.25605
3002	521.6	1.25473
3003	521.8	1.25361
3004	521.9	1.25285
3005	522.1	1.25178
3006	522.2	1.25072
3007	522.4	1.24941
3008	522.5	1.2483
3009	522.7	1.24742
3010	522.8	1.24626
3011	522.9	1.24524
3012	523.1	1.24407
3013	523.2	1.2428
3014	523.4	1.24185
3015	523.6	1.24058
3016	523.7	1.23955
3017	523.9	1.23836
3018	524	1.23771
3019	524.1	1.23656
3020	524.4	1.23548
3021	524.6	1.23418
3022	524.7	1.23346
3023	524.9	1.23262
3024	525.1	1.23156
3025	525.3	1.23068
3026	525.5	1.22932
3027	525.7	1.22886
3028	525.8	1.22836
3029	526	1.22725
3030	526.2	1.22647
3031	526.3	1.22539
3032	526.5	1.22406
3033	526.6	1.22298
3034	526.8	1.22195
3035	527	1.22102
3036	527.2	1.22002
3037	527.4	1.21895
3038	527.6	1.21819
3039	527.7	1.21759
3040	527.9	1.2167
3041	528.1	1.21595
3042	528.2	1.21516
3043	528.4	1.2144
3044	528.6	1.21373
3045	528.7	1.21264
3046	528.9	1.21182
3047	529	1.21093
3048	529.2	1.21005
3049	529.4	1.20915
3050	529.5	1.20793
3051	529.7	1.20693
3052	530	1.20591
3053	530.1	1.20493
3054	530.3	1.20409
3055	530.5	1.20317
3056	530.6	1.20246
3057	530.8	1.20163
3058	530.9	1.20101
3059	531.1	1.20002
3060	531.2	1.19939
3061	531.4	1.19849
3062	531.5	1.19774
3063	531.7	1.19682
3064	531.9	1.1956
3065	532.2	1.1946
3066	532.3	1.1936
3067	532.4	1.19255
3068	532.7	1.19166
3069	532.8	1.19075
3070	533	1.1899
3071	533.2	1.18916
3072	533.4	1.18847
3073	533.4	1.18792
3074	533.6	1.1868
3075	533.7	1.18579
3076	533.9	1.18523
3077	534.1	1.18444
3078	534.2	1.18367
3079	534.4	1.18292
3080	534.5	1.18193
3081	534.6	1.18097
3082	534.8	1.17999
3083	534.9	1.17912
3084	535.1	1.1786
3085	535.2	1.17754
3086	535.4	1.17654
3087	535.6	1.17576
3088	535.7	1.17529
3089	535.9	1.17459
3090	536.1	1.17373
3091	536.2	1.17293
3092	536.4	1.17189
3093	536.6	1.17102
3094	536.8	1.17028
3095	537	1.16958
3096	537.1	1.1688
3097	537.3	1.16759
3098	537.5	1.16673
3099	537.6	1.16597
3100	537.8	1.16521
3101	538	1.16421
3102	538.2	1.16367
3103	538.4	1.16355
3104	538.5	1.16291
3105	538.7	1.16218
3106	538.9	1.16156
3107	539.1	1.1606
3108	539.3	1.15983
3109	539.4	1.15856
3110	539.6	1.15726
3111	539.8	1.15608
3112	540	1.15509
3113	540.1	1.154
3114	540.4	1.15297
3115	540.5	1.15209
3116	540.7	1.15165
3117	540.8	1.151
3118	541	1.14998
3119	541.2	1.14919
3120	541.3	1.14845
3121	541.5	1.14766
3122	541.7	1.14675
3123	541.8	1.14585
3124	541.9	1.14475
3125	542.1	1.14361
3126	542.3	1.14292
3127	542.5	1.14216
3128	542.6	1.14119
3129	542.8	1.14025
3130	542.9	1.13965
3131	543.1	1.13852
3132	543.3	1.1377
3133	543.4	1.13715
3134	543.5	1.13648
3135	543.6	1.13621
3136	543.8	1.13573
3137	544.1	1.13497
3138	544.2	1.13417
3139	544.3	1.13363
3140	544.5	1.13246
3141	544.6	1.13175
3142	544.8	1.13105
3143	545	1.13026
3144	545.1	1.12891
3145	545.3	1.12779
3146	545.4	1.12691
3147	545.5	1.1257
3148	545.7	1.12468
3149	545.9	1.12388
3150	546.1	1.12294
3151	546.2	1.12198
3152	546.3	1.12132
3153	546.6	1.1205
3154	546.7	1.11981
3155	547	1.11926
3156	547.1	1.11878
3157	547.2	1.11808
3158	547.5	1.11728
3159	547.6	1.11671
3160	547.9	1.11553
3161	548.1	1.11455
3162	548.2	1.11352
3163	548.4	1.1127
3164	548.5	1.11152
3165	548.7	1.11044
3166	548.9	1.1093
3167	549	1.1082
3168	549.3	1.10745
3169	549.4	1.10681
3170	549.7	1.10603
3171	549.8	1.10505
3172	549.9	1.10432
3173	550.1	1.10333
3174	550.3	1.10244
3175	550.5	1.10161
3176	550.6	1.10056
3177	550.8	1.09981
3178	550.9	1.09877
3179	551	1.098
3180	551.1	1.09737
3181	551.3	1.09632
3182	551.5	1.09541
3183	551.6	1.09448
3184	551.7	1.09355
3185	551.8	1.09276
3186	552	1.09182
3187	552.1	1.09095
3188	552.3	1.09002
3189	552.4	1.08916
3190	552.6	1.08857
3191	552.7	1.08786
3192	552.9	1.08706
3193	553	1.08636
3194	553.3	1.08565
3195	553.4	1.08468
3196	553.6	1.0839
3197	553.9	1.08324
3198	554.1	1.08252
3199	554.2	1.08149
3200	554.4	1.08072
3201	554.6	1.07964
3202	554.8	1.07894
3203	555	1.07778
3204	555.1	1.0769
3205	555.2	1.07611
3206	555.4	1.07522
3207	555.6	1.07453
3208	555.8	1.07377
3209	556	1.0728
3210	556.2	1.07208
3211	556.3	1.07128
3212	556.5	1.07042
3213	556.6	1.06973
3214	556.8	1.06893
3215	557	1.06817
3216	557.1	1.06721
3217	557.3	1.06633
3218	557.5	1.06564
3219	557.7	1.06479
3220	557.8	1.06412
3221	558	1.06344
3222	558.1	1.06246
3223	558.3	1.06144
3224	558.5	1.06035
3225	558.6	1.05932
3226	558.8	1.05849
3227	559	1.05759
3228	559.1	1.0565
3229	559.3	1.05583
3230	559.4	1.05498
3231	559.5	1.05432
3232	559.7	1.05361
3233	559.8	1.05277
3234	560	1.0519
3235	560.2	1.051
3236	560.3	1.0506
3237	560.5	1.04998
3238	560.6	1.04927
3239	560.8	1.0488
3240	561	1.04777
3241	561.2	1.04684
3242	561.4	1.04599
3243	561.6	1.0451
3244	561.8	1.04444
3245	562	1.04332
3246	562.1	1.04262
3247	562.3	1.04161
3248	562.5	1.04048
3249	562.6	1.03928
3250	562.8	1.03806
3251	563	1.03698
3252	563.2	1.036
3253	563.3	1.03512
3254	563.5	1.03403
3255	563.7	1.03342
3256	564	1.0326
3257	564.1	1.03214
3258	564.3	1.03165
3259	564.4	1.03057
3260	564.6	1.02994
3261	564.8	1.02941
3262	565	1.02849
3263	565.1	1.02772
3264	565.2	1.02703
3265	565.4	1.0263
3266	565.5	1.02571
3267	565.7	1.02497
3268	565.8	1.0239
3269	566	1.02322
3270	566.1	1.02276
3271	566.3	1.02149
3272	566.4	1.02064
3273	566.6	1.02001
3274	566.7	1.01887
3275	566.9	1.0178
3276	567	1.0165
3277	567.2	1.0155
3278	567.4	1.01436
3279	567.5	1.01356
3280	567.7	1.01227
3281	567.9	1.01127
3282	568	1.01042
3283	568.2	1.00954
3284	568.4	1.00865
3285	568.5	1.00836
3286	568.7	1.00793
3287	568.9	1.00728
3288	569	1.00635
3289	569.3	1.00524
3290	569.4	1.00451
3291	569.6	1.00384
3292	569.8	1.00311
3293	570	1.00235
3294	570.2	1.00159
3295	570.4	1.00094
3296	570.5	1.00014
3297	570.7	0.999187
3298	570.9	0.998127
3299	571	0.997141
3300	571.2	0.996073
3301	571.3	0.994726
3302	571.5	0.993365
3303	571.7	0.992507
3304	571.9	0.991469
3305	572.1	0.990687
3306	572.3	0.989859
3307	572.4	0.988919
3308	572.5	0.988189
3309	572.7	0.98752
3310	572.9	0.98694
3311	573	0.986301
3312	573.2	0.985669
3313	573.4	0.984826
3314	573.5	0.984112
3315	573.7	0.983232
3316	573.9	0.982554
3317	574.1	0.981644
3318	574.2	0.980907
3319	574.4	0.979794
3320	574.6	0.978929
3321	574.7	0.978267
3322	574.9	0.977424
3323	575	0.976198
3324	575.2	0.9751
3325	575.3	0.973791
3326	575.5	0.973174
3327	575.6	0.972045
3328	575.8	0.970819
3329	576	0.969841
3330	576.2	0.969179
3331	576.3	0.968645
3332	576.5	0.967915
3333	576.6	0.96696
3334	576.7	0.966328
3335	576.9	0.965583
3336	577.1	0.965124
3337	577.3	0.964146
3338	577.4	0.963342
3339	577.6	0.962183
3340	577.8	0.961265
3341	577.9	0.960144
3342	578.1	0.959099
3343	578.2	0.958467
3344	578.4	0.957384
3345	578.6	0.956684
3346	578.7	0.955857
3347	578.8	0.955322
3348	579	0.95454
3349	579.2	0.95381
3350	579.4	0.952885
3351	579.5	0.952035
3352	579.7	0.951072
3353	579.9	0.950395
3354	580.1	0.949583
3355	580.2	0.948996
3356	580.4	0.948432
3357	580.5	0.947348
3358	580.8	0.946355
3359	580.9	0.94534
3360	581.1	0.944399
3361	581.3	0.943354
3362	581.5	0.942346
3363	581.7	0.941135
3364	581.9	0.940247
3365	582.1	0.939186
3366	582.2	0.938283
3367	582.4	0.937238
3368	582.6	0.936343
3369	582.6	0.935274
3370	582.8	0.934703
3371	583	0.9338
3372	583.2	0.932822
3373	583.3	0.932032
3374	583.5	0.930821
3375	583.7	0.930151
3376	583.8	0.929384
3377	584	0.928669
3378	584.1	0.927872
3379	584.3	0.927451
3380	584.4	0.926571
3381	584.6	0.925465
3382	584.7	0.924825
3383	584.8	0.923923
3384	585	0.922794
3385	585.2	0.922222
3386	585.3	0.921297
3387	585.5	0.920643
3388	585.7	0.919936
3389	585.9	0.919371
3390	586.1	0.918461
3391	586.2	0.917573
3392	586.4	0.916844
3393	586.6	0.916054
3394	586.7	0.915332
3395	586.9	0.914391
3396	587.1	0.913105
3397	587.3	0.912405
3398	587.4	0.911269
3399	587.6	0.910464
3400	587.8	0.909118
3401	587.9	0.907959
3402	588.1	0.90732
3403	588.3	0.906538
3404	588.5	0.905642
3405	588.6	0.90468
3406	588.9	0.90389
3407	589	0.90322
3408	589.1	0.902174
3409	589.3	0.901234
3410	589.4	0.900399
3411	589.6	0.899451
3412	589.8	0.898443
3413	589.9	0.897556
3414	590	0.896585
3415	590.2	0.896059
3416	590.3	0.895261
3417	590.5	0.894366
3418	590.7	0.893681
3419	590.9	0.892628
3420	591	0.891688
3421	591.2	0.890988
3422	591.4	0.890138
3423	591.5	0.889138
3424	591.7	0.888235
3425	591.9	0.887377
3426	592.1	0.886422
3427	592.3	0.885549
3428	592.5	0.884474
3429	592.7	0.883488
3430	592.9	0.882277
3431	593	0.881374
3432	593.2	0.880276
3433	593.3	0.879486
3434	593.5	0.878523
3435	593.7	0.87756
3436	593.9	0.876469
3437	594	0.875604
3438	594.2	0.874792
3439	594.4	0.873686
3440	594.5	0.872693
3441	594.7	0.871948
3442	594.9	0.870888
3443	595	0.869827
3444	595.2	0.868939
3445	595.4	0.868112
3446	595.6	0.867104
3447	595.7	0.866442
3448	595.9	0.865531
3449	596.1	0.864757
3450	596.2	0.863922
3451	596.3	0.862944
3452	596.5	0.862214
3453	596.7	0.861266
3454	596.8	0.860183
3455	597	0.859009
3456	597.2	0.858167
3457	597.4	0.857414
3458	597.6	0.856572
3459	597.7	0.855601
3460	597.9	0.855097
3461	598	0.853999
3462	598.1	0.853126
3463	598.3	0.852306
3464	598.4	0.851118
3465	598.6	0.850636
3466	598.8	0.849523
3467	599	0.84862
3468	599.1	0.84765
3469	599.3	0.846875
3470	599.5	0.845897
3471	599.6	0.845017
3472	599.8	0.843971
3473	600	0.843272
3474	600.2	0.842264
3475	600.4	0.841526
3476	600.6	0.840503
3477	600.7	0.839488
3478	600.9	0.838698
3479	601.1	0.83778
3480	601.2	0.837073
3481	601.4	0.83614
3482	601.6	0.835268
3483	601.8	0.834259
3484	601.9	0.833613
3485	602.1	0.832635
3486	602.3	0.831581
3487	602.5	0.830648
3488	602.7	0.829768
3489	602.9	0.82879
3490	603.1	0.828181
3491	603.2	0.826842
3492	603.5	0.826112
3493	603.6	0.82524
3494	603.8	0.824202
3495	603.9	0.823547
3496	604.2	0.822517
3497	604.3	0.821659
3498	604.5	0.820674
3499	604.7	0.81959
3500	604.9	0.818951
3501	605	0.817898
3502	605.2	0.817002
3503	605.3	0.816205
3504	605.5	0.815581
3505	605.6	0.814776
3506	605.8	0.813941
3507	606	0.812729
3508	606.2	0.812015
3509	606.4	0.810796
3510	606.5	0.809878
3511	606.6	0.809006
3512	606.8	0.808058
3513	607	0.806854
3514	607.1	0.805786
3515	607.3	0.804883
3516	607.4	0.804236
3517	607.5	0.803454
3518	607.7	0.802536
3519	607.9	0.801415
3520	608	0.800603
3521	608.2	0.7997
3522	608.4	0.798888
3523	608.5	0.797872
3524	608.8	0.797158
3525	608.9	0.795856
3526	609	0.794818
3527	609.2	0.794088
3528	609.4	0.793088
3529	609.6	0.792208
3530	609.9	0.791072
3531	610.1	0.790425
3532	610.3	0.78956
3533	610.5	0.788529
3534	610.6	0.787701
3535	610.8	0.786964
3536	611	0.785926
3537	611.2	0.785264
3538	611.4	0.784346
3539	611.5	0.783504
3540	611.6	0.782676
3541	611.8	0.781841
3542	612	0.780961
3543	612.2	0.780088
3544	612.3	0.779201
3545	612.4	0.77817
3546	612.6	0.776952
3547	612.8	0.775996
3548	613	0.775078
3549	613.1	0.774266
3550	613.3	0.773258
3551	613.5	0.772145
3552	613.7	0.771325
3553	613.8	0.77064
3554	613.9	0.769632
3555	614.1	0.768338
3556	614.2	0.767172
3557	614.4	0.766495
3558	614.5	0.765825
3559	614.7	0.764878
3560	614.9	0.764095
3561	615.1	0.762967
3562	615.2	0.762282
3563	615.3	0.761432
3564	615.5	0.760326
3565	615.7	0.759055
3566	615.9	0.758122
3567	616.1	0.757377
3568	616.3	0.756362
3569	616.4	0.755391
3570	616.6	0.754361
3571	616.8	0.753383
3572	616.9	0.752217
3573	617.1	0.751735
3574	617.3	0.750675
3575	617.5	0.749795
3576	617.7	0.748824
3577	617.8	0.747831
3578	618	0.746943
3579	618.2	0.745981
3580	618.4	0.745018
3581	618.6	0.744077
3582	618.8	0.742979
3583	619	0.741896
3584	619.1	0.741053
3585	619.3	0.74018
3586	619.4	0.73918
3587	619.6	0.738089
3588	619.7	0.737186
3589	619.9	0.736374
3590	620.1	0.735471
3591	620.2	0.734659
3592	620.4	0.733508
3593	620.5	0.732643
3594	620.7	0.731642
3595	620.8	0.730725
3596	621	0.729701
3597	621.2	0.728498
3598	621.3	0.727746
3599	621.4	0.727121
3600	621.6	0.726121
3601	621.8	0.725383
3602	621.9	0.724135
3603	622	0.723269
3604	622.2	0.722397
3605	622.4	0.721329
3606	622.6	0.720208
3607	622.8	0.719252
3608	622.9	0.718274
3609	623.1	0.717485
3610	623.3	0.716582
3611	623.5	0.715679
3612	623.6	0.714182
3613	623.8	0.713355
3614	624	0.712519
3615	624.2	0.711602
3616	624.4	0.710518
3617	624.6	0.709563
3618	624.8	0.708751
3619	624.9	0.707923
3620	625.1	0.70696
3621	625.2	0.705749
3622	625.3	0.70456
3623	625.6	0.70368
3624	625.8	0.703056
3625	625.9	0.702229
3626	626.1	0.701213
3627	626.2	0.700235
3628	626.4	0.699084
3629	626.6	0.698256
3630	626.8	0.697173
3631	626.9	0.696195
3632	627	0.695067
3633	627.2	0.694224
3634	627.4	0.693434
3635	627.6	0.692359
3636	627.8	0.691102
3637	627.9	0.689996
3638	628	0.689402
3639	628.1	0.688447
3640	628.3	0.687484
3641	628.5	0.686476
3642	628.7	0.685393
3643	628.8	0.684558
3644	628.9	0.683625
3645	629.1	0.682842
3646	629.3	0.681759
3647	629.5	0.680563
3648	629.6	0.679593
3649	629.8	0.678397
3650	630	0.677283
3651	630.1	0.676629
3652	630.4	0.675538
3653	630.4	0.674725
3654	630.7	0.673702
3655	630.9	0.672845
3656	631	0.672092
3657	631.2	0.671152
3658	631.4	0.670137
3659	631.5	0.669279
3660	631.7	0.668421
3661	631.9	0.667323
3662	632.1	0.666127
3663	632.2	0.665194
3664	632.4	0.664299
3665	632.5	0.663449
3666	632.7	0.662433
3667	632.9	0.661568
3668	633.1	0.660568
3669	633.2	0.659387
3670	633.4	0.658582
3671	633.6	0.657566
3672	633.8	0.656272
3673	634	0.655392
3674	634.1	0.65461
3675	634.3	0.6537
3676	634.4	0.652752
3677	634.5	0.651939
3678	634.7	0.651067
3679	634.9	0.650314
3680	635	0.649208
3681	635.1	0.648336
3682	635.3	0.647689
3683	635.5	0.646568
3684	635.6	0.645515
3685	635.8	0.644597
3686	635.9	0.643611
3687	636.1	0.642754
3688	636.3	0.641513
3689	636.4	0.640745
3690	636.6	0.639828
3691	636.7	0.638744
3692	636.9	0.637849
3693	637.1	0.636909
3694	637.3	0.635946
3695	637.5	0.635261
3696	637.7	0.634253
3697	637.8	0.633215
3698	638	0.632094
3699	638.2	0.63132
3700	638.4	0.630274
3701	638.5	0.629446
3702	638.7	0.628205
3703	638.9	0.627205
3704	639.1	0.626347
3705	639.3	0.625339
3706	639.4	0.624293
3707	639.6	0.622962
3708	639.8	0.622051
3709	640	0.621096
3710	640.1	0.620096
3711	640.3	0.619373
3712	640.5	0.618516
3713	640.7	0.617568
3714	640.8	0.616891
3715	641	0.61586
3716	641.2	0.614754
3717	641.3	0.613611
3718	641.5	0.612656
3719	641.7	0.612099
3720	641.8	0.611271
3721	642	0.610429
3722	642.1	0.609097
3723	642.3	0.608142
3724	642.4	0.607172
3725	642.6	0.605938
3726	642.8	0.604998
3727	642.9	0.604072
3728	643	0.603079
3729	643.3	0.602011
3730	643.4	0.601153
3731	643.6	0.60001
3732	643.7	0.598949
3733	643.9	0.598062
3734	644.1	0.597046
3735	644.2	0.596264
3736	644.4	0.59518
3737	644.6	0.594157
3738	644.7	0.593443
3739	644.9	0.59263
3740	645.1	0.59163
3741	645.3	0.590757
3742	645.4	0.589395
3743	645.6	0.588297
3744	645.8	0.587327
3745	646	0.586055
3746	646.2	0.58504
3747	646.4	0.584137
3748	646.6	0.583189
3749	646.8	0.582324
3750	647	0.581015
3751	647.2	0.580142
3752	647.4	0.578931
3753	647.5	0.578141
3754	647.7	0.577156
3755	647.9	0.576163
3756	648.1	0.575298
3757	648.2	0.574162
3758	648.4	0.573342
3759	648.5	0.572529
3760	648.7	0.571183
3761	648.8	0.570032
3762	649	0.569069
3763	649.1	0.568324
3764	649.2	0.567339
3765	649.4	0.566353
3766	649.5	0.56533
3767	649.7	0.564367
3768	649.9	0.56348
3769	650.1	0.562524
3770	650.3	0.561509
3771	650.4	0.560531
3772	650.6	0.55947
3773	650.7	0.55862
3774	650.9	0.557582
3775	651	0.556544
3776	651.2	0.555686
3777	651.4	0.554588
3778	651.5	0.553896
3779	651.7	0.552888
3780	651.8	0.551707
3781	652.1	0.550653
3782	652.3	0.549781
3783	652.4	0.548848
3784	652.6	0.547863
3785	652.8	0.54687
3786	652.9	0.545636
3787	653.1	0.544831
3788	653.3	0.543748
3789	653.5	0.542928
3790	653.7	0.541822
3791	653.9	0.540821
3792	654	0.539956
3793	654.2	0.539091
3794	654.4	0.538015
3795	654.5	0.537293
3796	654.7	0.535977
3797	654.8	0.535224
3798	655	0.534299
3799	655.2	0.533193
3800	655.3	0.532193
3801	655.4	0.531283
3802	655.6	0.530086
3803	655.7	0.529274
3804	655.8	0.528304
3805	656.1	0.527423
3806	656.3	0.526588
3807	656.4	0.525573
3808	656.5	0.524399
3809	656.6	0.523451
3810	656.8	0.522594
3811	657	0.521435
3812	657.2	0.520555
3813	657.4	0.519705
3814	657.5	0.518682
3815	657.6	0.517712
3816	657.8	0.516658
3817	658	0.515876
3818	658.2	0.515176
3819	658.4	0.514116
3820	658.5	0.51313
3821	658.7	0.512077
3822	658.9	0.511227
3823	659.1	0.510226
3824	659.2	0.509136
3825	659.3	0.508338
3826	659.5	0.507097
3827	659.7	0.506435
3828	659.8	0.505239
3829	660	0.504374
3830	660.1	0.503366
3831	660.3	0.5022
3832	660.4	0.501395
3833	660.5	0.50056
3834	660.7	0.499604
3835	660.9	0.498754
3836	661.1	0.497378
3837	661.3	0.496971
3838	661.5	0.496069
3839	661.7	0.495016
3840	661.9	0.494331
3841	662	0.493421
3842	662.2	0.492413
3843	662.4	0.491472
3844	662.6	0.490464
3845	662.7	0.489607
3846	662.9	0.488501
3847	663.1	0.487553
3848	663.3	0.486613
3849	663.4	0.48574
3850	663.6	0.48486
3851	663.7	0.484055
3852	663.9	0.482972
3853	664.1	0.482069
3854	664.2	0.481038
3855	664.4	0.480467
3856	664.5	0.479331
3857	664.7	0.478195
3858	664.9	0.477473
3859	665.1	0.476675
3860	665.3	0.47593
3861	665.5	0.475133
3862	665.6	0.47414
3863	665.8	0.47311
3864	666	0.472177
3865	666.2	0.471312
3866	666.2	0.470589
3867	666.4	0.469408
3868	666.6	0.468581
3869	666.8	0.467618
3870	667	0.467001
3871	667.1	0.46594
3872	667.2	0.465301
3873	667.4	0.46427
3874	667.6	0.463247
3875	667.8	0.462578
3876	667.9	0.461457
3877	668.1	0.460727
3878	668.2	0.459892
3879	668.3	0.458997
3880	668.5	0.458222
3881	668.7	0.457447
3882	668.9	0.456748
3883	669.1	0.455687
3884	669.2	0.454626
3885	669.4	0.454054
3886	669.5	0.453212
3887	669.7	0.45252
3888	669.9	0.451527
3889	670	0.450526
3890	670.2	0.449812
3891	670.4	0.449022
3892	670.6	0.448021
3893	670.7	0.447419
3894	670.9	0.446284
3895	671	0.445411
3896	671.1	0.444486
3897	671.3	0.443831
3898	671.4	0.442801
3899	671.6	0.442108
3900	671.8	0.441138
3901	672	0.440499
3902	672.1	0.439355
3903	672.3	0.438655
3904	672.5	0.437783
3905	672.7	0.437008
3906	672.8	0.436068
3907	673	0.435225
3908	673.2	0.434495
3909	673.3	0.433502
3910	673.5	0.432713
3911	673.7	0.431705
3912	673.8	0.430787
3913	674	0.429831
3914	674.2	0.429154
3915	674.3	0.428349
3916	674.4	0.427198
3917	674.6	0.426378
3918	674.8	0.425348
3919	675	0.424581
3920	675.2	0.423783
3921	675.3	0.423016
3922	675.5	0.422211
3923	675.7	0.421444
3924	675.9	0.420293
3925	676	0.419578
3926	676.3	0.418931
3927	676.4	0.418149
3928	676.6	0.417487
3929	676.8	0.416584
3930	676.9	0.415425
3931	677.1	0.414628
3932	677.3	0.413951
3933	677.6	0.413018
3934	677.7	0.41198
3935	677.8	0.410754
3936	678	0.410235
3937	678.2	0.409362
3938	678.3	0.408301
3939	678.5	0.407466
3940	678.8	0.406549
3941	678.9	0.405586
3942	679	0.404916
3943	679.2	0.403968
3944	679.3	0.402983
3945	679.5	0.402328
3946	679.6	0.401606
3947	679.8	0.400696
3948	679.9	0.400147
3949	680	0.39953
3950	680.2	0.398725
3951	680.5	0.397777
3952	680.6	0.396551
3953	680.8	0.395821
3954	681	0.395039
3955	681.1	0.394226
3956	681.3	0.393414
3957	681.6	0.392759
3958	681.7	0.391766
3959	681.9	0.390939
3960	682.1	0.390029
3961	682.2	0.389141
3962	682.4	0.388268
3963	682.6	0.387411
3964	682.7	0.38641
3965	682.9	0.385936
3966	683	0.385064
3967	683.2	0.384251
3968	683.4	0.383507
3969	683.5	0.382386
3970	683.7	0.381769
3971	683.8	0.380964
3972	684	0.380219
3973	684.1	0.379557
3974	684.3	0.378594
3975	684.4	0.37797
3976	684.6	0.376969
3977	684.7	0.376179
3978	684.9	0.375525
3979	685	0.374539
3980	685.2	0.37378
3981	685.3	0.372915
3982	685.5	0.372245
3983	685.6	0.371515
3984	685.8	0.370605
3985	686.1	0.369815
3986	686.2	0.369101
3987	686.4	0.368145
3988	686.6	0.367318
3989	686.7	0.366596
3990	686.8	0.365843
3991	687	0.365129
3992	687.2	0.364361
3993	687.4	0.363255
3994	687.6	0.362834
3995	687.8	0.361946
3996	688	0.361292
3997	688.2	0.360562
3998	688.3	0.35978
3999	688.5	0.35893
4000	688.7	0.358072
4001	688.8	0.357388
4002	689	0.356824
4003	689.2	0.355906
4004	689.4	0.355093
4005	689.5	0.354318
4006	689.7	0.353446
4007	689.9	0.352754
4008	690	0.352084
4009	690.2	0.35143
4010	690.3	0.35055
4011	690.4	0.349963
4012	690.6	0.349143
4013	690.7	0.348105
4014	691	0.347443
4015	691.1	0.346939
4016	691.3	0.346194
4017	691.5	0.345517
4018	691.6	0.344862
4019	691.8	0.343764
4020	691.9	0.343155
4021	692.1	0.342726
4022	692.3	0.34232
4023	692.5	0.341492
4024	692.6	0.34071
4025	692.7	0.339927
4026	692.9	0.339318
4027	693.1	0.338521
4028	693.3	0.337881
4029	693.4	0.337242
4030	693.5	0.336362
4031	693.8	0.335572
4032	694	0.334902
4033	694.2	0.334338
4034	694.4	0.333593
4035	694.7	0.332924
4036	694.8	0.332262
4037	694.9	0.33163
4038	695.1	0.33084
4039	695.2	0.330314
4040	695.4	0.329561
4041	695.6	0.328786
4042	695.8	0.328139
4043	695.9	0.32738
4044	696.1	0.326763
4045	696.3	0.325965
4046	696.4	0.325409
4047	696.5	0.324664
4048	696.7	0.323927
4049	696.9	0.323362
4050	697.1	0.322934
4051	697.3	0.322317
4052	697.5	0.321602
4053	697.6	0.320647
4054	697.7	0.319774
4055	697.9	0.319097
4056	698.1	0.318548
4057	698.3	0.318104
4058	698.5	0.317322
4059	698.6	0.31669
4060	698.8	0.315938
4061	699	0.31505
4062	699.1	0.314305
4063	699.3	0.313779
4064	699.4	0.313417
4065	699.6	0.312695
4066	699.7	0.311951
4067	699.9	0.311251
4068	700	0.31089
4069	700.2	0.309995
4070	700.4	0.30934
4071	700.5	0.308964
4072	700.6	0.308505
4073	700.9	0.30752
4074	701	0.306843
4075	701.2	0.306248
4076	701.5	0.305443
4077	701.6	0.304812
4078	701.9	0.304541
4079	702	0.304307
4080	702.2	0.303894
4081	702.4	0.303277
4082	702.6	0.302743
4083	702.8	0.302367
4084	702.9	0.30172
4085	703.2	0.301058
4086	703.3	0.300185
4087	703.5	0.299756
4088	703.7	0.299215
4089	703.8	0.298583
4090	704	0.298049
4091	704.2	0.297439
4092	704.4	0.296935
4093	704.5	0.296506
4094	704.6	0.296055
4095	704.9	0.295122
4096	705	0.295024
4097	705.1	0.294769
4098	705.2	0.294167
4099	705.4	0.293663
4100	705.6	0.293242
4101	705.7	0.292369
4102	705.9	0.291857
4103	706	0.29097
4104	706.2	0.290586
4105	706.3	0.289781
4106	706.5	0.289164
4107	706.7	0.288743
4108	706.9	0.288292
4109	707	0.287742
4110	707.2	0.287111
4111	707.4	0.286531
4112	707.6	0.286133
4113	707.8	0.285486
4114	707.9	0.285064
4115	708.2	0.284606
4116	708.3	0.283959
4117	708.4	0.283801
4118	708.6	0.283349
4119	708.8	0.282845
4120	709	0.282559
4121	709.1	0.282198
4122	709.3	0.282206
4123	709.4	0.281965
4124	709.6	0.281709
4125	709.8	0.281544
4126	709.9	0.280957
4127	710	0.280573
4128	710.2	0.280288
4129	710.4	0.279964
4130	710.5	0.279618
4131	710.7	0.278843
4132	710.9	0.278429
4133	711	0.278241
4134	711.2	0.278174
4135	711.3	0.277579
4136	711.5	0.277286
4137	711.7	0.277211
4138	711.8	0.276782
4139	711.9	0.276677
4140	712.1	0.275834
4141	712.3	0.275691
4142	712.4	0.275556
4143	712.6	0.275127
4144	712.7	0.27454
4145	712.9	0.274299
4146	713.1	0.273991
4147	713.2	0.273788
4148	713.4	0.27366
4149	713.6	0.27351
4150	713.7	0.273269
4151	713.9	0.273051
4152	714	0.273141
4153	714.2	0.27272
4154	714.4	0.272321
4155	714.6	0.272133
4156	714.8	0.271554
4157	715	0.2712
4158	715.2	0.270628
4159	715.3	0.270267
4160	715.6	0.269771
4161	715.7	0.269349
4162	715.8	0.269116
4163	716	0.268793
4164	716.2	0.268326
4165	716.4	0.268018
4166	716.5	0.268093
4167	716.6	0.268003
4168	716.7	0.267672
4169	717	0.267469
4170	717.1	0.267506
4171	717.2	0.267552
4172	717.4	0.267409
4173	717.6	0.267281
4174	717.7	0.26695
4175	717.8	0.266837
4176	718	0.266732
4177	718.2	0.266521
4178	718.4	0.266431
4179	718.6	0.266641
4180	718.8	0.266521
4181	719	0.266371
4182	719.2	0.266536
4183	719.3	0.266491
4184	719.5	0.266288
4185	719.6	0.266521
4186	719.7	0.266333
4187	719.9	0.266318
4188	720.1	0.266213
4189	720.3	0.266152
4190	720.4	0.266145
4191	720.7	0.2661
4192	720.8	0.266235
4193	720.9	0.266152
4194	721.1	0.26613
4195	721.2	0.266107
4196	721.4	0.266115
4197	721.5	0.266258
4198	721.7	0.26634
4199	721.9	0.266145
4200	722	0.266145
4201	722.3	0.266145
4202	722.5	0.266062
4203	722.6	0.266213
4204	722.7	0.26634
4205	722.9	0.266446
4206	723.1	0.266348
4207	723.3	0.266258
4208	723.4	0.266085
4209	723.6	0.26631
4210	723.7	0.266077
4211	723.9	0.266092
4212	724.1	0.266017
4213	724.3	0.265942
4214	724.4	0.265979
4215	724.7	0.266175
4216	724.8	0.265934
4217	725	0.266032
4218	725.1	0.265919
4219	725.2	0.266062
4220	725.4	0.265829
4221	725.6	0.266092
4222	725.8	0.265994
4223	725.9	0.265964
4224	726.1	0.265949
4225	726.3	0.265942
4226	726.4	0.265889
4227	726.7	0.265874
4228	726.8	0.265882
4229	726.9	0.265889
4230	727.1	0.265776
4231	727.3	0.265836
4232	727.4	0.265761
4233	727.6	0.265859
4234	727.7	0.265716
4235	728	0.265806
4236	728.1	0.265912
4237	728.3	0.265814
4238	728.5	0.265972
4239	728.7	0.265919
4240	728.8	0.266205
4241	729	0.265972
4242	729.2	0.266047
4243	729.3	0.266092
4244	729.4	0.266055
4245	729.6	0.26625
4246	729.8	0.266107
4247	730	0.265972
4248	730.1	0.265836
4249	730.3	0.265769
4250	730.5	0.265656
4251	730.6	0.265836
4252	730.8	0.265784
4253	730.9	0.265814
4254	731.1	0.265701
4255	731.3	0.265505
4256	731.5	0.265611
4257	731.7	0.265678
4258	731.8	0.265716
4259	732	0.265693
4260	732.2	0.265769
4261	732.3	0.265671
4262	732.5	0.265558
4263	732.6	0.265543
4264	732.8	0.26549
4265	733	0.265543
4266	733.2	0.265573
4267	733.3	0.265821
4268	733.5	0.265912
4269	733.7	0.266032
4270	733.8	0.266062
4271	734	0.266416
4272	734.1	0.266777
4273	734.3	0.26692
4274	734.5	0.267318
4275	734.6	0.26701
4276	734.8	0.267243
4277	734.9	0.267484
4278	735.2	0.267529
4279	735.3	0.267446
4280	735.5	0.267356
4281	735.7	0.26689
4282	735.9	0.266724
4283	736	0.266258
4284	736.2	0.266205
4285	736.4	0.266152
4286	736.6	0.266235
4287	736.6	0.266167
4288	736.8	0.266243
4289	736.9	0.26616
4290	737.1	0.26637
4291	737.3	0.266386
4292	737.4	0.266115
4293	737.6	0.266145
4294	737.8	0.265949
4295	737.9	0.265942
4296	738.1	0.265693
4297	738.2	0.265716
4298	738.4	0.265784
4299	738.6	0.265919
4300	738.8	0.265641
4301	739	0.265866
4302	739.2	0.265866
4303	739.3	0.265656
4304	739.5	0.265739
4305	739.6	0.265806
4306	739.8	0.265836
4307	740	0.265648
4308	740.1	0.265791
4309	740.2	0.265754
4310	740.4	0.265663
4311	740.6	0.265693
4312	740.8	0.265769
4313	741	0.265912
4314	741.1	0.265866
4315	741.2	0.265686
4316	741.4	0.265686
4317	741.6	0.265686
4318	741.8	0.265806
4319	741.9	0.265791
4320	742.1	0.265746
4321	742.3	0.265588
4322	742.4	0.265769
4323	742.5	0.265656
4324	742.7	0.265641
4325	742.9	0.265453
4326	743	0.265829
4327	743.2	0.265641
4328	743.4	0.265671
4329	743.6	0.265596
4330	743.8	0.265535
4331	743.9	0.265483
4332	744.1	0.265475
4333	744.3	0.265633
4334	744.5	0.265633
4335	744.7	0.265551
4336	744.8	0.265566
4337	745	0.265814
4338	745.1	0.266062
4339	745.3	0.266521
4340	745.5	0.266814
4341	745.7	0.266935
4342	745.8	0.266747
4343	746	0.266416
4344	746.1	0.26634
4345	746.3	0.26625
4346	746.4	0.266085
4347	746.6	0.265957
4348	746.8	0.265754
4349	746.9	0.265754
4350	747.1	0.266002
4351	747.3	0.266213
4352	747.4	0.266333
4353	747.6	0.266739
4354	747.8	0.267183
4355	748	0.267341
4356	748.1	0.267341
4357	748.2	0.267657
4358	748.4	0.267619
4359	748.6	0.267356
4360	748.8	0.266935
4361	748.9	0.266844
4362	749.1	0.266521
4363	749.3	0.266438
4364	749.4	0.266498
4365	749.5	0.266754
4366	749.7	0.266882
4367	749.8	0.266792
4368	750	0.267356
4369	750.2	0.267664
4370	750.4	0.268003
4371	750.6	0.268123
4372	750.8	0.268281
4373	751	0.26795
4374	751.1	0.267852
4375	751.3	0.267619
4376	751.5	0.267439
4377	751.6	0.267364
4378	751.8	0.267431
4379	752	0.267409
4380	752.1	0.267394
4381	752.2	0.267296
4382	752.4	0.267499
4383	752.7	0.267597
4384	752.8	0.26774
4385	752.9	0.267522
4386	753.1	0.267717
4387	753.3	0.267755
4388	753.5	0.268108
4389	753.6	0.268018
4390	753.8	0.268183
4391	754	0.268289
4392	754.2	0.267822
4393	754.4	0.267762
4394	754.6	0.267333
4395	754.7	0.267318
4396	754.8	0.267484
4397	755	0.267213
4398	755.2	0.267296
4399	755.4	0.266882
4400	755.5	0.266942
4401	755.7	0.266859
4402	755.9	0.266799
4403	756	0.266656
4404	756.2	0.266724
4405	756.4	0.266987
4406	756.5	0.26707
4407	756.8	0.266762
4408	757	0.266581
4409	757.1	0.26619
4410	757.2	0.266039
4411	757.4	0.265806
4412	757.6	0.265618
4413	757.8	0.265701
4414	757.9	0.265513
4415	758.1	0.26546
4416	758.2	0.265415
4417	758.4	0.265347
4418	758.5	0.265415
4419	758.7	0.265415
4420	758.9	0.26549
4421	759	0.265528
4422	759.2	0.265475
4423	759.4	0.265528
4424	759.6	0.265408
4425	759.6	0.265377
4426	759.8	0.265378
4427	759.9	0.265355
4428	760.1	0.265077
4429	760.3	0.265385
4430	760.4	0.265378
4431	760.7	0.26531
4432	760.9	0.265137
4433	761	0.265317
4434	761.2	0.265287
4435	761.3	0.265347
4436	761.4	0.265378
4437	761.5	0.26522
4438	761.7	0.265265
4439	761.9	0.26522
4440	762.1	0.265159
4441	762.4	0.264866
4442	762.5	0.264791
4443	762.7	0.265024
4444	762.9	0.265159
4445	763	0.265174
4446	763.1	0.265129
4447	763.3	0.26525
4448	763.4	0.265295
4449	763.6	0.265265
4450	763.8	0.265287
4451	763.9	0.265325
4452	764.1	0.265257
4453	764.3	0.265189
4454	764.5	0.265235
4455	764.7	0.265528
4456	764.8	0.265558
4457	765	0.265408
4458	765.1	0.265438
4459	765.3	0.265393
4460	765.5	0.2654
4461	765.7	0.265558
4462	765.8	0.26549
4463	765.9	0.265475
4464	766	0.265663
4465	766.3	0.265445
4466	766.4	0.26537
4467	766.6	0.265408
4468	766.8	0.265362
4469	766.9	0.265212
4470	767.1	0.26534
4471	767.2	0.265235
4472	767.4	0.265317
4473	767.5	0.2654
4474	767.6	0.265453
4475	767.8	0.26528
4476	768	0.265227
4477	768.1	0.265099
4478	768.3	0.265129
4479	768.5	0.2654
4480	768.7	0.265927
4481	768.8	0.266107
4482	769	0.266167
4483	769.2	0.266137
4484	769.3	0.266197
4485	769.5	0.266468
4486	769.7	0.266574
4487	769.9	0.266747
4488	770.1	0.267033
4489	770.2	0.266686
4490	770.4	0.266506
4491	770.6	0.266393
4492	770.8	0.266024
4493	770.9	0.265731
4494	771.1	0.265686
4495	771.2	0.265566
4496	771.4	0.265362
4497	771.6	0.265468
4498	771.8	0.26549
4499	771.9	0.26531
4500	772	0.26552
4501	772.2	0.265475
4502	772.4	0.265287
4503	772.5	0.265137
4504	772.8	0.265001
4505	772.9	0.264806
4506	773.1	0.264776
4507	773.3	0.265024
4508	773.4	0.264858
4509	773.6	0.264798
4510	773.8	0.265031
4511	773.8	0.265385
4512	774	0.265505
4513	774.2	0.265453
4514	774.4	0.265882
4515	774.5	0.266205
4516	774.6	0.265919
4517	774.7	0.265754
4518	774.9	0.265656
4519	775.1	0.265784
4520	775.4	0.266152
4521	775.5	0.266055
4522	775.6	0.266039
4523	775.8	0.266077
4524	776	0.265791
4525	776.2	0.266077
4526	776.4	0.2661
4527	776.6	0.266009
4528	776.8	0.265919
4529	777	0.266085
4530	777.2	0.266047
4531	777.3	0.266115
4532	777.5	0.265678
4533	777.6	0.2654
4534	777.8	0.265295
4535	777.9	0.265355
4536	778.1	0.265242
4537	778.2	0.26464
4538	778.3	0.2644
4539	778.5	0.264189
4540	778.6	0.264061
4541	778.8	0.263948
4542	779	0.264031
4543	779.2	0.263978
4544	779.3	0.263662
4545	779.5	0.263467
4546	779.7	0.263429
4547	779.8	0.263369
4548	780	0.263437
4549	780.1	0.263565
4550	780.4	0.264038
4551	780.5	0.264204
4552	780.7	0.264437
4553	780.9	0.264881
4554	781	0.265122
4555	781.2	0.265001
4556	781.4	0.264776
4557	781.6	0.264783
4558	781.7	0.26443
4559	781.9	0.264069
4560	782	0.263399
4561	782.2	0.263301
4562	782.4	0.263218
4563	782.6	0.26303
4564	782.7	0.262714
4565	782.9	0.262707
4566	783	0.262805
4567	783.2	0.262534
4568	783.3	0.262587
4569	783.6	0.262459
4570	783.7	0.262707
4571	783.9	0.262346
4572	784.1	0.262226
4573	784.2	0.262068
4574	784.4	0.262022
4575	784.5	0.261812
4576	784.7	0.261827
4577	784.8	0.261721
4578	785	0.261631
4579	785.1	0.261849
4580	785.2	0.262368
4581	785.5	0.262421
4582	785.7	0.262444
4583	785.9	0.262368
4584	786	0.262729
4585	786.2	0.262662
4586	786.4	0.26276
4587	786.6	0.262323
4588	786.7	0.262241
4589	786.9	0.261842
4590	787.1	0.261879
4591	787.2	0.261902
4592	787.4	0.26197
4593	787.5	0.261684
4594	787.7	0.261293
4595	787.9	0.261187
4596	788	0.261691
4597	788.2	0.262098
4598	788.4	0.26218
4599	788.5	0.261729
4600	788.7	0.261526
4601	788.9	0.261255
4602	789	0.261195
4603	789.2	0.261195
4604	789.3	0.261044
4605	789.5	0.260766
4606	789.7	0.260781
4607	789.8	0.260616
4608	789.9	0.26054
4609	790	0.26045
4610	790.2	0.2603
4611	790.4	0.259856
4612	790.5	0.259931
4613	790.7	0.26051
4614	791	0.260736
4615	791.1	0.261232
4616	791.3	0.261405
4617	791.4	0.261375
4618	791.6	0.261375
4619	791.8	0.260894
4620	791.9	0.26039
4621	792.1	0.260029
4622	792.2	0.259803
4623	792.3	0.259848
4624	792.5	0.260217
4625	792.7	0.26054
4626	792.8	0.260653
4627	793.1	0.260728
4628	793.2	0.260608
4629	793.4	0.260375
4630	793.5	0.260593
4631	793.7	0.260375
4632	793.9	0.26051
4633	794.1	0.260458
4634	794.3	0.260698
4635	794.5	0.260924
4636	794.7	0.261135
4637	794.8	0.261029
4638	795	0.260495
4639	795.1	0.260127
4640	795.3	0.259863
4641	795.5	0.260157
4642	795.6	0.260119
4643	795.7	0.260044
4644	795.9	0.260285
4645	796	0.260413
4646	796.2	0.260586
4647	796.3	0.260608
4648	796.5	0.260879
4649	796.6	0.260841
4650	796.8	0.260713
4651	797	0.260127
4652	797.2	0.260255
4653	797.3	0.260164
4654	797.5	0.260036
4655	797.7	0.259653
4656	797.8	0.25942
4657	798	0.259472
4658	798.2	0.25945
4659	798.3	0.259939
4660	798.5	0.260006
4661	798.7	0.26042
4662	798.8	0.260465
4663	799	0.260367
4664	799.2	0.260172
4665	799.4	0.260134
4666	799.6	0.259931
4667	799.8	0.259562
