Tiempo_(s)	Campo_(A/m)	Magnetizacion_(A/m)
0.0000000000	-51828.103491	-828.965871
0.0000000100	-51822.007351	-828.754248
0.0000000200	-51790.008996	-828.174361
0.0000000300	-51735.709896	-827.323526
0.0000000400	-51665.035060	-826.331963
0.0000000500	-51583.207155	-825.323651
0.0000000600	-51486.107298	-824.380022
0.0000000700	-51368.148361	-823.519042
0.0000000800	-51237.019103	-822.696974
0.0000000900	-51090.670675	-821.832166
0.0000001000	-50923.193865	-820.842461
0.0000001100	-50727.237797	-819.683115
0.0000001200	-50499.274971	-818.372010
0.0000001300	-50248.287872	-816.993368
0.0000001400	-49982.905304	-815.678433
0.0000001500	-49703.903579	-814.569048
0.0000001600	-49413.717191	-813.775217
0.0000001700	-49106.151831	-813.339118
0.0000001800	-48772.050496	-813.215443
0.0000001900	-48431.353406	-813.272725
0.0000002000	-48071.693128	-813.314232
0.0000002100	-47681.715872	-813.112140
0.0000002200	-47283.917715	-812.446128
0.0000002300	-46864.542340	-811.137704
0.0000002400	-46424.070179	-809.073815
0.0000002500	-45978.697432	-806.216676
0.0000002600	-45522.087241	-802.600045
0.0000002700	-45049.750872	-798.314697
0.0000002800	-44564.550467	-793.487213
0.0000002900	-44062.979716	-788.256428
0.0000003000	-43537.957044	-782.751355
0.0000003100	-42999.436575	-777.073478
0.0000003200	-42452.002202	-771.285205
0.0000003300	-41881.622916	-765.405315
0.0000003400	-41285.679297	-759.411331
0.0000003500	-40670.946634	-753.248019
0.0000003600	-40046.270251	-746.840493
0.0000003700	-39416.566532	-740.109845
0.0000003800	-38776.597010	-732.988752
0.0000003900	-38119.787118	-725.434338
0.0000004000	-37447.647101	-717.435821
0.0000004100	-36766.804309	-709.015278
0.0000004200	-36076.197332	-700.221180
0.0000004300	-35374.585226	-691.115994
0.0000004400	-34663.499426	-681.760687
0.0000004500	-33942.865960	-672.199931
0.0000004600	-33212.632047	-662.451733
0.0000004700	-32466.619173	-652.503999
0.0000004800	-31691.841942	-642.318543
0.0000004900	-30892.403440	-631.840793
0.0000005000	-30087.879428	-621.011866
0.0000005100	-29282.346789	-609.779304
0.0000005200	-28469.521446	-598.103772
0.0000005300	-27642.934396	-585.960948
0.0000005400	-26800.621167	-573.339881
0.0000005500	-25951.046828	-560.240245
0.0000005600	-25101.039450	-546.670729
0.0000005700	-24246.205457	-532.649352
0.0000005800	-23380.097035	-518.204517
0.0000005900	-22499.793867	-503.374244
0.0000006000	-21611.923303	-488.201095
0.0000006100	-20720.937090	-472.722035
0.0000006200	-19825.446347	-456.955177
0.0000006300	-18926.586451	-440.887864
0.0000006400	-18023.243212	-424.471431
0.0000006500	-17110.875114	-407.626594
0.0000006600	-16192.291518	-390.259967
0.0000006700	-15265.459372	-372.287932
0.0000006800	-14330.394475	-353.660758
0.0000006900	-13390.249458	-334.378934
0.0000007000	-12440.107940	-314.495756
0.0000007100	-11480.582495	-294.104645
0.0000007200	-10512.174739	-273.314811
0.0000007300	-9540.899448	-252.222811
0.0000007400	-8565.610839	-230.888749
0.0000007500	-7583.874415	-209.324080
0.0000007600	-6599.793262	-187.493884
0.0000007700	-5613.821608	-165.331912
0.0000007800	-4628.029489	-142.763180
0.0000007900	-3641.804330	-119.727624
0.0000008000	-2655.705924	-96.199282
0.0000008100	-1669.824037	-72.197783
0.0000008200	-683.905166	-47.791456
0.0000008300	301.580668	-23.093003
0.0000008400	1284.510644	1.750764
0.0000008500	2264.430537	26.573764
0.0000008600	3248.310967	51.208825
0.0000008700	4231.673982	75.507363
0.0000008800	5209.703374	99.357635
0.0000008900	6190.124885	122.697533
0.0000009000	7176.096538	145.517896
0.0000009100	8162.321697	167.853977
0.0000009200	9145.087936	189.765960
0.0000009300	10123.281065	211.313180
0.0000009400	11093.420976	232.529474
0.0000009500	12061.812935	253.407477
0.0000009600	13025.990852	273.897154
0.0000009700	13975.921242	293.919169
0.0000009800	14917.439345	313.388546
0.0000009900	15847.556267	332.240433
0.0000010000	16763.441457	350.449206
0.0000010100	17677.467741	368.034805
0.0000010200	18585.426466	385.055021
0.0000010300	19483.837526	401.587478
0.0000010400	20379.275487	417.708291
0.0000010500	21272.210374	433.474632
0.0000010600	22153.781064	448.915988
0.0000010700	23021.986101	464.034872
0.0000010800	23883.685151	478.814174
0.0000010900	24739.871042	493.226592
0.0000011000	25593.464091	507.242207
0.0000011100	26441.565171	520.832606
0.0000011200	27279.849283	533.972588
0.0000011300	28112.187199	546.641969
0.0000011400	28933.213700	558.829616
0.0000011500	29741.666656	570.539814
0.0000011600	30548.118155	581.798639
0.0000011700	31349.943761	592.656552
0.0000011800	32139.195822	603.183858
0.0000011900	32914.036617	613.458142
0.0000012000	33662.906619	623.546168
0.0000012100	34387.257900	633.485616
0.0000012200	35104.759921	643.273016
0.0000012300	35816.859739	652.862750
0.0000012400	36518.118167	662.178516
0.0000012500	37203.090625	671.134431
0.0000012600	37874.227406	679.659647
0.0000012700	38533.477184	687.719130
0.0000012800	39179.936897	695.324521
0.0000012900	39817.065465	702.532146
0.0000013000	40446.880139	709.429178
0.0000013100	41065.584122	716.112252
0.0000013200	41662.599933	722.664621
0.0000013300	42239.400830	729.137792
0.0000013400	42797.993663	735.541922
0.0000013500	43335.458114	741.846650
0.0000013600	43857.249168	747.991394
0.0000013700	44363.403811	753.902013
0.0000013800	44855.849530	759.509557
0.0000013900	45337.649189	764.766645
0.0000014000	45806.965069	769.657860
0.0000014100	46263.654621	774.202084
0.0000014200	46708.113899	778.446731
0.0000014300	47140.432670	782.455820
0.0000014400	47551.227006	786.295233
0.0000014500	47934.460943	790.019038
0.0000014600	48301.678212	793.660056
0.0000014700	48662.194161	797.226290
0.0000014800	49004.465061	800.702903
0.0000014900	49326.019429	804.057893
0.0000015000	49630.912963	807.249062
0.0000015100	49911.794784	810.230436
0.0000015200	50176.749704	812.957626
0.0000015300	50431.312069	815.392816
0.0000015400	50661.614608	817.510538
0.0000015500	50857.871948	819.304534
0.0000015600	51033.085283	820.794374
0.0000015700	51196.158111	822.028830
0.0000015800	51339.633990	823.082511
0.0000015900	51468.101828	824.043631
0.0000016000	51582.792162	824.993859
0.0000016100	51677.019469	825.984960
0.0000016200	51759.929971	827.019692
0.0000016300	51832.432122	828.044626
0.0000016400	51875.810846	828.959663
0.0000016500	51884.801100	829.643592
0.0000016600	51876.639307	829.989058
0.0000016700	51860.477078	829.936033
0.0000016800	51828.430324	829.492367
0.0000016900	51781.935320	828.733651
0.0000017000	51725.802883	827.781538
0.0000017100	51646.419248	826.767259
0.0000017200	51550.892192	825.792543
0.0000017300	51452.624353	824.901410
0.0000017400	51346.234719	824.072634
0.0000017500	51222.249592	823.235490
0.0000017600	51060.385481	822.303209
0.0000017700	50848.934919	821.212378
0.0000017800	50607.969892	819.954524
0.0000017900	50366.798751	818.588893
0.0000018000	50123.959019	817.231862
0.0000018100	49866.095449	816.026117
0.0000018200	49608.390225	815.099085
0.0000018300	49336.374285	814.523006
0.0000018400	49017.269577	814.287977
0.0000018500	48689.493687	814.294873
0.0000018600	48350.448758	814.369080
0.0000018700	47971.808488	814.290423
0.0000018800	47586.102439	813.831129
0.0000018900	47192.871369	812.792758
0.0000019000	46776.816747	811.034584
0.0000019100	46340.262114	808.488988
0.0000019200	45884.073548	805.162838
0.0000019300	45418.479865	801.126767
0.0000019400	44935.776512	796.496063
0.0000019500	44437.616281	791.407535
0.0000019600	43918.723723	785.996461
0.0000019700	43374.557321	780.376886
0.0000019800	42821.471623	774.627508
0.0000019900	42254.898911	768.784335
0.0000020000	41672.256749	762.840397
0.0000020100	41075.488420	756.751980
0.0000020200	40470.561309	750.450142
0.0000020300	39848.741047	743.855632
0.0000020400	39206.996361	736.894830
0.0000020500	38559.970834	729.514007
0.0000020600	37906.893546	721.689275
0.0000020700	37236.220766	713.430185
0.0000020800	36543.500745	704.776037
0.0000020900	35831.072820	695.785554
0.0000021000	35103.800591	686.522184
0.0000021100	34365.412278	677.038558
0.0000021200	33622.429668	667.363985
0.0000021300	32875.449535	657.498117
0.0000021400	32111.972304	647.412113
0.0000021500	31331.559546	637.056444
0.0000021600	30541.778656	626.372491
0.0000021700	29737.734442	615.304208
0.0000021800	28917.747529	603.806622
0.0000021900	28091.471148	591.849560
0.0000022000	27263.753102	579.417145
0.0000022100	26431.984751	566.505168
0.0000022200	25588.868000	553.118840
0.0000022300	24733.700510	539.272382
0.0000022400	23863.403617	524.990045
0.0000022500	22976.947507	510.306394
0.0000022600	22075.594310	495.263149
0.0000022700	21161.414064	479.900959
0.0000022800	20244.619787	464.246957
0.0000022900	19327.735744	448.301684
0.0000023000	18409.447020	432.030621
0.0000023100	17490.276421	415.365122
0.0000023200	16564.621022	398.214768
0.0000023300	15630.717075	380.489059
0.0000023400	14685.897767	362.122405
0.0000023500	13735.940166	343.094407
0.0000023600	12784.614870	323.438308
0.0000023700	11824.718941	303.234161
0.0000023800	10863.016887	282.588333
0.0000023900	9903.728140	261.605635
0.0000024000	8940.030021	240.362703
0.0000024100	7970.258952	218.890642
0.0000024200	6998.254110	197.171577
0.0000024300	6026.376021	175.149148
0.0000024400	5056.478200	152.748898
0.0000024500	4088.418098	129.902267
0.0000024600	3118.198194	106.568058
0.0000024700	2140.395095	82.747165
0.0000024800	1159.312612	58.488920
0.0000024900	172.141383	33.889523
0.0000025000	-817.823411	9.083927
0.0000025100	-1802.834837	-15.767341
0.0000025200	-2782.011022	-40.495224
0.0000025300	-3757.511768	-64.941498
0.0000025400	-4730.958275	-88.978022
0.0000025500	-5698.928610	-112.522190
0.0000025600	-6668.483159	-135.544382
0.0000025700	-7643.872950	-158.064184
0.0000025800	-8617.498992	-180.134857
0.0000025900	-9584.930723	-201.819252
0.0000026000	-10548.164210	-223.163752
0.0000026100	-11510.441852	-244.178210
0.0000026200	-12470.612473	-264.828533
0.0000026300	-13425.650193	-285.044489
0.0000026400	-14379.336015	-304.740156
0.0000026500	-15324.826069	-323.839953
0.0000026600	-16259.833802	-342.301295
0.0000026700	-17189.402347	-360.126399
0.0000026800	-18111.709781	-377.359895
0.0000026900	-19028.810344	-394.074152
0.0000027000	-19945.604621	-410.348317
0.0000027100	-20859.895823	-426.248587
0.0000027200	-21765.595204	-441.815736
0.0000027300	-22663.674406	-457.062270
0.0000027400	-23550.785466	-471.977674
0.0000027500	-24429.574006	-486.537579
0.0000027600	-25290.244249	-500.712408
0.0000027700	-26128.486994	-514.472866
0.0000027800	-26959.447440	-527.792343
0.0000027900	-27787.292239	-540.648355
0.0000028000	-28611.588352	-553.025557
0.0000028100	-29430.661796	-564.921338
0.0000028200	-30241.270171	-576.352608
0.0000028300	-31038.349156	-587.360340
0.0000028400	-31823.810440	-598.008115
0.0000028500	-32597.907527	-608.372606
0.0000028600	-33357.915433	-618.527138
0.0000028700	-34106.485172	-628.522737
0.0000028800	-34847.202415	-638.372904
0.0000028900	-35575.615414	-648.047884
0.0000029000	-36286.052665	-657.481337
0.0000029100	-36983.050292	-666.588242
0.0000029200	-37659.210027	-675.288993
0.0000029300	-38313.375304	-683.532536
0.0000029400	-38958.278013	-691.311683
0.0000029500	-39590.285093	-698.666265
0.0000029600	-40212.184717	-705.673593
0.0000029700	-40823.961087	-712.429372
0.0000029800	-41423.237882	-719.024669
0.0000029900	-42003.799602	-725.525160
0.0000030000	-42566.670673	-731.957730
0.0000030100	-43123.812066	-738.307183
0.0000030200	-43673.153746	-744.523087
0.0000030300	-44200.992179	-750.534404
0.0000030400	-44703.503985	-756.267968
0.0000030500	-45184.829238	-761.666287
0.0000030600	-45650.032258	-766.700640
0.0000030700	-46107.921385	-771.376695
0.0000030800	-46550.770878	-775.731803
0.0000030900	-46977.730454	-779.825147
0.0000031000	-47388.245715	-783.723650
0.0000031100	-47780.964761	-787.487438
0.0000031200	-48161.215826	-791.158443
0.0000031300	-48531.127117	-794.754460
0.0000031400	-48885.027132	-798.269100
0.0000031500	-49212.523315	-801.676294
0.0000031600	-49511.645803	-804.937026
0.0000031700	-49788.520328	-808.006112
0.0000031800	-50046.553027	-810.837950
0.0000031900	-50288.912329	-813.391519
0.0000032000	-50516.395733	-815.635733
0.0000032100	-50722.280732	-817.555931
0.0000032200	-50915.354477	-819.160874
0.0000032300	-51091.788575	-820.487819
0.0000032400	-51240.699260	-821.602175
0.0000032500	-51366.765204	-822.588842
0.0000032600	-51477.538009	-823.534812
0.0000032700	-51572.964892	-824.506296
0.0000032800	-51650.827878	-825.526972
0.0000032900	-51713.323753	-826.565326
0.0000033000	-51762.364208	-827.537346
0.0000033100	-51798.472048	-828.326256
0.0000033200	-51819.196981	-828.814913
