   1.2489720e+04   4.7775724e+01   5.9763434e-01
   1.2688828e+04   4.8757871e+01   6.0992017e-01
   1.2882695e+04   4.9899366e+01   6.2419931e-01
   1.3072591e+04   5.1029127e+01   6.3833168e-01
   1.3257003e+04   5.2002383e+01   6.5050629e-01
   1.3437860e+04   5.2894014e+01   6.6165986e-01
   1.3617451e+04   5.3765041e+01   6.7255567e-01
   1.3794457e+04   5.4675901e+01   6.8394977e-01
   1.3969871e+04   5.5718806e+01   6.9699564e-01
   1.4142209e+04   5.6835355e+01   7.1096273e-01
   1.4308890e+04   5.7816333e+01   7.2323395e-01
   1.4471938e+04   5.8657271e+01   7.3375338e-01
   1.4631464e+04   5.9405521e+01   7.4311336e-01
   1.4787383e+04   6.0116597e+01   7.5200832e-01
   1.4939409e+04   6.0828222e+01   7.6091015e-01
   1.5084760e+04   6.1582243e+01   7.7034233e-01
   1.5222824e+04   6.2407723e+01   7.8066839e-01
   1.5356962e+04   6.3145238e+01   7.8989409e-01
   1.5486392e+04   6.3780103e+01   7.9783571e-01
   1.5611487e+04   6.4482541e+01   8.0662263e-01
   1.5734162e+04   6.5275419e+01   8.1654086e-01
   1.5853320e+04   6.5886687e+01   8.2418732e-01
   1.5969125e+04   6.6348985e+01   8.2997028e-01
   1.6081484e+04   6.6872301e+01   8.3651653e-01
   1.6189624e+04   6.7452693e+01   8.4377674e-01
   1.6293632e+04   6.8078041e+01   8.5159933e-01
   1.6393508e+04   6.8654998e+01   8.5881658e-01
   1.6489574e+04   6.9115162e+01   8.6457284e-01
   1.6583805e+04   6.9508930e+01   8.6949855e-01
   1.6674376e+04   6.9858007e+01   8.7386521e-01
   1.6755393e+04   7.0267352e+01   8.7898578e-01
   1.6828000e+04   7.0766682e+01   8.8523197e-01
   1.6898200e+04   7.1196735e+01   8.9061158e-01
   1.6966301e+04   7.1541801e+01   8.9492807e-01
   1.7031091e+04   7.1904061e+01   8.9945964e-01
   1.7089811e+04   7.2247052e+01   9.0375017e-01
   1.7141242e+04   7.2537757e+01   9.0738665e-01
   1.7189620e+04   7.2851241e+01   9.1130807e-01
   1.7235334e+04   7.3142223e+01   9.1494801e-01
   1.7277276e+04   7.3387575e+01   9.1801715e-01
   1.7316150e+04   7.3593841e+01   9.2059737e-01
   1.7349362e+04   7.3787706e+01   9.2302246e-01
   1.7376563e+04   7.4059138e+01   9.2641785e-01
   1.7398361e+04   7.4389210e+01   9.3054676e-01
   1.7414466e+04   7.4667425e+01   9.3402701e-01
   1.7426817e+04   7.4823354e+01   9.3597755e-01
   1.7435759e+04   7.4901961e+01   9.3696086e-01
   1.7440115e+04   7.4909177e+01   9.3705112e-01
   1.7439107e+04   7.4912806e+01   9.3709651e-01
   1.7433270e+04   7.5019123e+01   9.3842645e-01
   1.7423837e+04   7.5211098e+01   9.4082790e-01
   1.7411823e+04   7.5250860e+01   9.4132529e-01
   1.7397269e+04   7.5118966e+01   9.3967541e-01
   1.7379478e+04   7.5073371e+01   9.3910505e-01
   1.7354604e+04   7.5144606e+01   9.3999614e-01
   1.7322517e+04   7.5267019e+01   9.4152742e-01
   1.7286220e+04   7.5622931e+01   9.4597959e-01
   1.7245132e+04   7.5685180e+01   9.4675828e-01
   1.7195224e+04   7.3161736e+01   9.1519210e-01
   1.7133738e+04   7.0726076e+01   8.8472403e-01
   1.7071395e+04   7.3207548e+01   9.1576516e-01
   1.7018553e+04   7.7025663e+01   9.6352659e-01
   1.6964889e+04   7.5703527e+01   9.4698777e-01
   1.6896785e+04   7.2620166e+01   9.0841751e-01
   1.6820544e+04   7.4654880e+01   9.3387008e-01
   1.6745370e+04   7.8014280e+01   9.7589336e-01
   1.6662549e+04   7.5996232e+01   9.5064927e-01
   1.6572836e+04   7.2766236e+01   9.1024473e-01
   1.6485547e+04   7.5875028e+01   9.4913311e-01
   1.6394792e+04   7.9941398e+01   1.0000000e+00
   1.6295765e+04   7.6388715e+01   9.5555890e-01
   1.6192866e+04   7.2481497e+01   9.0668288e-01
   1.6084503e+04   7.4003639e+01   9.2572360e-01
   1.5967143e+04   7.4212462e+01   9.2833580e-01
   1.5849312e+04   7.4538190e+01   9.3241038e-01
   1.5730439e+04   7.6096541e+01   9.5190405e-01
   1.5605833e+04   7.2944530e+01   9.1247504e-01
   1.5479772e+04   7.0497025e+01   8.8185879e-01
   1.5346344e+04   7.3599371e+01   9.2066654e-01
   1.5200639e+04   7.4154870e+01   9.2761537e-01
   1.5053337e+04   7.1018647e+01   8.8838385e-01
   1.4904820e+04   7.0312811e+01   8.7955443e-01
   1.4746795e+04   7.0610741e+01   8.8328129e-01
   1.4587581e+04   7.0743825e+01   8.8494605e-01
   1.4430598e+04   7.0875593e+01   8.8659436e-01
   1.4263889e+04   6.8452230e+01   8.5628011e-01
   1.4092139e+04   6.7323026e+01   8.4215472e-01
   1.3922183e+04   6.9402513e+01   8.6816737e-01
   1.3747668e+04   6.8669816e+01   8.5900193e-01
   1.3569239e+04   6.5683850e+01   8.2165000e-01
   1.3389865e+04   6.5208702e+01   8.1570630e-01
   1.3202811e+04   6.5651148e+01   8.2124092e-01
   1.3007133e+04   6.5408308e+01   8.1820320e-01
   1.2808227e+04   6.5114077e+01   8.1452261e-01
   1.2604806e+04   6.3996225e+01   8.0053923e-01
   1.2399442e+04   6.2940696e+01   7.8733543e-01
   1.2192227e+04   6.2691032e+01   7.8421236e-01
   1.1980501e+04   6.1777290e+01   7.7278221e-01
   1.1767596e+04   6.0361977e+01   7.5507783e-01
   1.1552847e+04   5.9670754e+01   7.4643121e-01
   1.1333926e+04   5.9329368e+01   7.4216075e-01
   1.1113655e+04   5.8873415e+01   7.3645716e-01
   1.0890017e+04   5.8102225e+01   7.2681021e-01
   1.0661467e+04   5.6893518e+01   7.1169031e-01
   1.0432970e+04   5.6044702e+01   7.0107232e-01
   1.0203526e+04   5.5671725e+01   6.9640669e-01
   9.9710089e+03   5.4657999e+01   6.8372583e-01
   9.7373498e+03   5.3258060e+01   6.6621377e-01
   9.5026641e+03   5.2511983e+01   6.5688097e-01
   9.2642470e+03   5.1892987e+01   6.4913785e-01
   9.0190344e+03   5.0929439e+01   6.3708467e-01
   8.7699333e+03   5.0107205e+01   6.2679921e-01
   8.5187044e+03   4.9331895e+01   6.1710073e-01
   8.2628863e+03   4.8359305e+01   6.0493443e-01
   8.0040042e+03   4.7482328e+01   5.9396419e-01
   7.7443545e+03   4.6655463e+01   5.8362080e-01
   7.4842475e+03   4.5578550e+01   5.7014952e-01
   7.2233652e+03   4.4387231e+01   5.5524712e-01
   6.9613738e+03   4.3343030e+01   5.4218504e-01
   6.6973332e+03   4.2477387e+01   5.3135657e-01
   6.4303444e+03   4.1508384e+01   5.1923515e-01
   6.1613514e+03   4.0321709e+01   5.0439083e-01
   5.8910963e+03   3.9377786e+01   4.9258315e-01
   5.6196085e+03   3.8690868e+01   4.8399038e-01
   5.3467682e+03   3.7744731e+01   4.7215500e-01
   5.0730290e+03   3.6445273e+01   4.5589987e-01
   4.7987991e+03   3.5131164e+01   4.3946147e-01
   4.5225120e+03   3.3991926e+01   4.2521055e-01
   4.2443936e+03   3.2957741e+01   4.1227376e-01
   3.9658708e+03   3.2007706e+01   4.0038962e-01
   3.6857031e+03   3.1021544e+01   3.8805355e-01
   3.4038984e+03   2.9884680e+01   3.7383234e-01
   3.1221310e+03   2.8634388e+01   3.5819223e-01
   2.8400868e+03   2.7413583e+01   3.4292098e-01
   2.5564389e+03   2.6346022e+01   3.2956669e-01
   2.2718096e+03   2.5276729e+01   3.1619072e-01
   1.9870605e+03   2.4156884e+01   3.0218240e-01
   1.7022663e+03   2.2927037e+01   2.8679805e-01
   1.4170678e+03   2.1348049e+01   2.6704623e-01
   1.1315022e+03   1.9782903e+01   2.4746757e-01
   8.4519460e+02   1.8637994e+01   2.3314571e-01
   5.5872213e+02   1.7639345e+01   2.2065344e-01
   2.7237726e+02   1.6468742e+01   2.0601019e-01
  -1.3435678e+01   1.5066034e+01   1.8846348e-01
  -2.9847327e+02   1.3591081e+01   1.7001305e-01
  -5.8359331e+02   1.2203436e+01   1.5265477e-01
  -8.6911770e+02   1.0841922e+01   1.3562337e-01
  -1.1552192e+03   9.5255882e+00   1.1915714e-01
  -1.4418526e+03   8.2335185e+00   1.0299443e-01
  -1.7277401e+03   6.8636101e+00   8.5858019e-02
  -2.0101474e+03   5.5744708e+00   6.9731966e-02
  -2.2898538e+03   4.3313301e+00   5.4181315e-02
  -2.5693659e+03   2.7897096e+00   3.4896933e-02
  -2.8511746e+03   9.8743112e-01   1.2351937e-02
  -3.1344063e+03  -5.7172068e-01  -7.1517473e-03
  -3.4153866e+03  -1.6804704e+00  -2.1021279e-02
  -3.6955504e+03  -2.6902549e+00  -3.3652837e-02
  -3.9743165e+03  -4.0813088e+00  -5.1053758e-02
  -4.2506252e+03  -5.8736220e+00  -7.3474096e-02
  -4.5263273e+03  -7.6053043e+00  -9.5135992e-02
  -4.8013738e+03  -8.9609072e+00  -1.1209345e-01
  -5.0762966e+03  -1.0099886e+01  -1.2634112e-01
  -5.3494549e+03  -1.1314112e+01  -1.4153007e-01
  -5.6210172e+03  -1.2697658e+01  -1.5883708e-01
  -5.8915157e+03  -1.4290450e+01  -1.7876157e-01
  -6.1608640e+03  -1.5896413e+01  -1.9885082e-01
  -6.4291523e+03  -1.7238529e+01  -2.1563957e-01
  -6.6967850e+03  -1.8418132e+01  -2.3039541e-01
  -6.9619601e+03  -1.9760584e+01  -2.4718837e-01
  -7.2236551e+03  -2.1312144e+01  -2.6659708e-01
  -7.4840840e+03  -2.2790623e+01  -2.8509162e-01
  -7.7437749e+03  -2.4054604e+01  -3.0090297e-01
  -8.0023528e+03  -2.5335409e+01  -3.1692477e-01
  -8.2592603e+03  -2.6748254e+01  -3.3459827e-01
  -8.5146131e+03  -2.8100805e+01  -3.5151755e-01
  -8.7640499e+03  -2.9268213e+01  -3.6612086e-01
  -9.0075980e+03  -3.0474815e+01  -3.8121443e-01
  -9.2474676e+03  -3.1917020e+01  -3.9925521e-01
  -9.4831229e+03  -3.3387173e+01  -4.1764559e-01
  -9.7174749e+03  -3.4689849e+01  -4.3394098e-01
  -9.9514147e+03  -3.5944010e+01  -4.4962949e-01
  -1.0184084e+04  -3.7191262e+01  -4.6523156e-01
  -1.0414165e+04  -3.8176154e+01  -4.7755174e-01
  -1.0641103e+04  -3.9026707e+01  -4.8819145e-01
  -1.0866940e+04  -4.0154173e+01  -5.0229510e-01
  -1.1090642e+04  -4.1491894e+01  -5.1902888e-01
  -1.1310409e+04  -4.2801946e+01  -5.3541653e-01
  -1.1527146e+04  -4.3979814e+01  -5.5015067e-01
  -1.1739542e+04  -4.5059363e+01  -5.6365493e-01
  -1.1948498e+04  -4.6137354e+01  -5.7713970e-01
  -1.2156117e+04  -4.7168878e+01  -5.9004320e-01
  -1.2362796e+04  -4.8179733e+01  -6.0268815e-01
  -1.2569142e+04  -4.9269239e+01  -6.1631696e-01
  -1.2773599e+04  -5.0335386e+01  -6.2965355e-01
  -1.2972433e+04  -5.1253130e+01  -6.4113377e-01
  -1.3163370e+04  -5.2176982e+01  -6.5269038e-01
  -1.3348171e+04  -5.3192874e+01  -6.6539834e-01
  -1.3528469e+04  -5.4228913e+01  -6.7835833e-01
  -1.3706651e+04  -5.5328304e+01  -6.9211079e-01
  -1.3884050e+04  -5.6380064e+01  -7.0526742e-01
  -1.4057758e+04  -5.7103885e+01  -7.1432182e-01
  -1.4228114e+04  -5.7614644e+01  -7.2071099e-01
  -1.4395106e+04  -5.8321354e+01  -7.2955133e-01
  -1.4556238e+04  -5.9350868e+01  -7.4242969e-01
  -1.4713003e+04  -6.0355118e+01  -7.5499202e-01
  -1.4866944e+04  -6.1048064e+01  -7.6366019e-01
  -1.5018505e+04  -6.1609575e+01  -7.7068424e-01
  -1.5167568e+04  -6.2254778e+01  -7.7875518e-01
  -1.5310441e+04  -6.2917983e+01  -7.8705132e-01
  -1.5445295e+04  -6.3663474e+01  -7.9637679e-01
  -1.5574664e+04  -6.4520595e+01  -8.0709865e-01
  -1.5700347e+04  -6.5261220e+01  -8.1636325e-01
  -1.5822842e+04  -6.5857760e+01  -8.2382547e-01
  -1.5941935e+04  -6.6360386e+01  -8.3011290e-01
  -1.6056113e+04  -6.6837616e+01  -8.3608264e-01
  -1.6165215e+04  -6.7384227e+01  -8.4292029e-01
  -1.6269122e+04  -6.7938123e+01  -8.4984907e-01
  -1.6367450e+04  -6.8541415e+01  -8.5739575e-01
  -1.6460133e+04  -6.9155849e+01  -8.6508181e-01
  -1.6548939e+04  -6.9511226e+01  -8.6952727e-01
  -1.6634133e+04  -6.9645618e+01  -8.7120840e-01
  -1.6714247e+04  -6.9941841e+01  -8.7491391e-01
  -1.6790481e+04  -7.0533562e+01  -8.8231584e-01
  -1.6863235e+04  -7.1200504e+01  -8.9065873e-01
  -1.6932009e+04  -7.1755558e+01  -8.9760199e-01
  -1.6996532e+04  -7.2051238e+01  -9.0130069e-01
  -1.7057081e+04  -7.2365286e+01  -9.0522917e-01
  -1.7112879e+04  -7.2889914e+01  -9.1179183e-01
  -1.7164999e+04  -7.3213366e+01  -9.1583794e-01
  -1.7214046e+04  -7.3139840e+01  -9.1491820e-01
  -1.7258262e+04  -7.3023747e+01  -9.1346596e-01
  -1.7297809e+04  -7.3296327e+01  -9.1687571e-01
  -1.7332850e+04  -7.3920069e+01  -9.2467821e-01
  -1.7362769e+04  -7.4417650e+01  -9.3090252e-01
  -1.7385979e+04  -7.4489832e+01  -9.3180547e-01
  -1.7403784e+04  -7.4556121e+01  -9.3263468e-01
  -1.7418153e+04  -7.4798352e+01  -9.3566479e-01
  -1.7427979e+04  -7.4955072e+01  -9.3762522e-01
  -1.7432683e+04  -7.5026360e+01  -9.3851699e-01
  -1.7432723e+04  -7.5080990e+01  -9.3920036e-01
  -1.7428508e+04  -7.5162952e+01  -9.4022564e-01
  -1.7420154e+04  -7.5234633e+01  -9.4112230e-01
  -1.7407910e+04  -7.5355420e+01  -9.4263325e-01
  -1.7393304e+04  -7.5623817e+01  -9.4599067e-01
  -1.7376108e+04  -7.5691442e+01  -9.4683660e-01
  -1.7356871e+04  -7.5370541e+01  -9.4282240e-01
  -1.7332460e+04  -7.5069412e+01  -9.3905553e-01
  -1.7298173e+04  -7.4643263e+01  -9.3372475e-01
  -1.7254971e+04  -7.4156780e+01  -9.2763926e-01
  -1.7203790e+04  -7.6742689e+01  -9.5998682e-01
  -1.7152352e+04  -7.9941398e+01  -1.0000000e+00
  -1.7106975e+04  -7.7489333e+01  -9.6932671e-01
  -1.7058318e+04  -7.2851869e+01  -9.1131592e-01
  -1.6993140e+04  -7.3748582e+01  -9.2253305e-01
  -1.6920244e+04  -7.6871242e+01  -9.6159491e-01
  -1.6859044e+04  -7.4336264e+01  -9.2988446e-01
  -1.6794978e+04  -7.0471123e+01  -8.8153478e-01
  -1.6709249e+04  -7.3216195e+01  -9.1587333e-01
  -1.6621886e+04  -7.7625816e+01  -9.7103400e-01
  -1.6542186e+04  -7.3221514e+01  -9.1593987e-01
  -1.6449698e+04  -6.6370038e+01  -8.3023364e-01
  -1.6345678e+04  -7.0177573e+01  -8.7786272e-01
  -1.6248807e+04  -7.5805739e+01  -9.4826636e-01
  -1.6149708e+04  -7.2991965e+01  -9.1306840e-01
  -1.6035587e+04  -7.3566925e+01  -9.2026068e-01
  -1.5920899e+04  -7.6441696e+01  -9.5622165e-01
  -1.5808768e+04  -7.3431044e+01  -9.1856091e-01
  -1.5688185e+04  -7.4196271e+01  -9.2813327e-01
  -1.5562913e+04  -7.5939005e+01  -9.4993340e-01
  -1.5436082e+04  -7.2013337e+01  -9.0082658e-01
  -1.5300511e+04  -7.2057151e+01  -9.0137466e-01
  -1.5157958e+04  -7.3891895e+01  -9.2432577e-01
  -1.5014468e+04  -7.1177992e+01  -8.9037712e-01
  -1.4866052e+04  -7.1726308e+01  -8.9723609e-01
  -1.4712773e+04  -7.2265273e+01  -9.0397810e-01
  -1.4552931e+04  -6.8779251e+01  -8.6037087e-01
  -1.4385076e+04  -7.0613984e+01  -8.8332186e-01
  -1.4218469e+04  -7.1999399e+01  -9.0065223e-01
  -1.4050033e+04  -6.7273978e+01  -8.4154117e-01
  -1.3874641e+04  -6.7747002e+01  -8.4745830e-01
  -1.3699721e+04  -7.0051823e+01  -8.7628969e-01
  -1.3521781e+04  -6.7072938e+01  -8.3902632e-01
  -1.3333161e+04  -6.6531887e+01  -8.3225824e-01
  -1.3143834e+04  -6.7185712e+01  -8.4043703e-01
  -1.2954228e+04  -6.5378883e+01  -8.1783511e-01
  -1.2755415e+04  -6.5533584e+01  -8.1977030e-01
  -1.2553837e+04  -6.4877016e+01  -8.1155718e-01
  -1.2350278e+04  -6.2975432e+01  -7.8776996e-01
  -1.2141732e+04  -6.3608305e+01  -7.9568667e-01
  -1.1931879e+04  -6.3080447e+01  -7.8908361e-01
  -1.1717631e+04  -6.1693643e+01  -7.7173585e-01
  -1.1499758e+04  -6.1829782e+01  -7.7343884e-01
  -1.1284099e+04  -6.0424675e+01  -7.5586212e-01
  -1.1063584e+04  -5.9172989e+01  -7.4020458e-01
  -1.0838008e+04  -5.9562673e+01  -7.4507920e-01
  -1.0612070e+04  -5.8284496e+01  -7.2909027e-01
  -1.0381283e+04  -5.6788806e+01  -7.1038044e-01
  -1.0146660e+04  -5.6715283e+01  -7.0946073e-01
  -9.9129035e+03  -5.5959829e+01  -7.0001063e-01
  -9.6772093e+03  -5.4622561e+01  -6.8328253e-01
  -9.4392755e+03  -5.3688336e+01  -6.7159616e-01
  -9.2026567e+03  -5.3077687e+01  -6.6395745e-01
  -8.9616765e+03  -5.2689579e+01  -6.5910255e-01
  -8.7184605e+03  -5.1717268e+01  -6.4693975e-01
  -8.4731835e+03  -5.0232724e+01  -6.2836934e-01
  -8.2183158e+03  -4.9201712e+01  -6.1547224e-01
  -7.9592986e+03  -4.8213400e+01  -6.0310929e-01
  -7.6997004e+03  -4.7187726e+01  -5.9027897e-01
  -7.4373600e+03  -4.6682473e+01  -5.8395868e-01
  -7.1745368e+03  -4.5744800e+01  -5.7222917e-01
  -6.9114996e+03  -4.4128318e+01  -5.5200833e-01
  -6.6462149e+03  -4.3018081e+01  -5.3812019e-01
  -6.3793383e+03  -4.2136880e+01  -5.2709712e-01
  -6.1117158e+03  -4.0890634e+01  -5.1150762e-01
  -5.8424602e+03  -3.9747591e+01  -4.9720911e-01
  -5.5727963e+03  -3.8752990e+01  -4.8476747e-01
  -5.3023944e+03  -3.7772433e+01  -4.7250153e-01
  -5.0295722e+03  -3.6666476e+01  -4.5866693e-01
  -4.7559335e+03  -3.5284736e+01  -4.4138253e-01
  -4.4810287e+03  -3.4130083e+01  -4.2693878e-01
  -4.2047675e+03  -3.3102192e+01  -4.1408073e-01
  -3.9276113e+03  -3.1824667e+01  -3.9809996e-01
  -3.6473792e+03  -3.0821034e+01  -3.8554534e-01
  -3.3661323e+03  -2.9928263e+01  -3.7437752e-01
  -3.0865225e+03  -2.8562369e+01  -3.5729133e-01
  -2.8048556e+03  -2.7167450e+01  -3.3984206e-01
  -2.5220541e+03  -2.6019840e+01  -3.2548642e-01
  -2.2414216e+03  -2.4839958e+01  -3.1072709e-01
  -1.9589793e+03  -2.3582658e+01  -2.9499931e-01
  -1.6743720e+03  -2.2294472e+01  -2.7888519e-01
  -1.3894388e+03  -2.1069001e+01  -2.6355558e-01
  -1.1040974e+03  -1.9953335e+01  -2.4959953e-01
  -8.1875593e+02  -1.8738722e+01  -2.3440574e-01
  -5.3332810e+02  -1.7391616e+01  -2.1755456e-01
  -2.4835371e+02  -1.6115998e+01  -2.0159765e-01
   3.6583389e+01  -1.4839239e+01  -1.8562646e-01
   3.2319876e+02  -1.3517278e+01  -1.6908983e-01
   6.1021062e+02  -1.2215579e+01  -1.5280667e-01
   8.9435667e+02  -1.0860341e+01  -1.3585378e-01
   1.1772033e+03  -9.5685797e+00  -1.1969493e-01
   1.4602148e+03  -8.2672204e+00  -1.0341601e-01
   1.7428141e+03  -6.7994610e+00  -8.5055567e-02
   2.0246754e+03  -5.4466598e+00  -6.8133156e-02
   2.3072786e+03  -4.3793809e+00  -5.4782391e-02
   2.5897091e+03  -3.1429490e+00  -3.9315662e-02
   2.8694387e+03  -1.5374883e+00  -1.9232692e-02
   3.1477785e+03  -9.4632251e-02  -1.1837703e-03
   3.4265639e+03   1.0665006e+00   1.3341030e-02
   3.7042069e+03   2.3630437e+00   2.9559700e-02
   3.9799283e+03   3.8901541e+00   4.8662573e-02
   4.2551177e+03   5.2508513e+00   6.5683756e-02
   4.5301422e+03   6.3781185e+00   7.9784925e-02
   4.8054141e+03   7.7582793e+00   9.7049582e-02
   5.0794905e+03   9.3494594e+00   1.1695391e-01
   5.3490975e+03   1.0667405e+01   1.3344032e-01
   5.6156482e+03   1.1800062e+01   1.4760890e-01
   5.8820753e+03   1.3156588e+01   1.6457790e-01
   6.1475543e+03   1.4666755e+01   1.8346883e-01
   6.4110744e+03   1.5983527e+01   1.9994055e-01
   6.6732008e+03   1.7220318e+01   2.1541176e-01
   6.9349602e+03   1.8638419e+01   2.3315103e-01
   7.1947076e+03   2.0144151e+01   2.5198647e-01
   7.4527394e+03   2.1504045e+01   2.6899761e-01
   7.7096622e+03   2.2703541e+01   2.8400230e-01
   7.9635994e+03   2.3881086e+01   2.9873240e-01
   8.2166789e+03   2.5142069e+01   3.1450625e-01
   8.4661427e+03   2.6495756e+01   3.3143974e-01
   8.7086501e+03   2.7882080e+01   3.4878150e-01
   8.9475576e+03   2.9224848e+01   3.6557840e-01
   9.1851204e+03   3.0462949e+01   3.8106600e-01
   9.4226048e+03   3.1696220e+01   3.9649319e-01
   9.6590586e+03   3.2886471e+01   4.1138224e-01
   9.8933022e+03   3.4103510e+01   4.2660638e-01
   1.0124511e+04   3.5511011e+01   4.4421303e-01
   1.0352405e+04   3.6951829e+01   4.6223646e-01
   1.0578872e+04   3.8174840e+01   4.7753531e-01
   1.0803495e+04   3.9160013e+01   4.8985899e-01
   1.1024762e+04   4.0079594e+01   5.0136218e-01
   1.1242949e+04   4.1146083e+01   5.1470306e-01
   1.1457124e+04   4.2403369e+01   5.3043067e-01
   1.1667007e+04   4.3763928e+01   5.4745011e-01
   1.1874600e+04   4.5038701e+01   5.6339646e-01
   1.2081460e+04   4.6033947e+01   5.7584616e-01
   1.2286472e+04   4.6895582e+01   5.8662450e-01
