Tiempo_(s)	Campo_(A/m)	Magnetizacion_(A/m)
0.0000000000	-51909.598628	-917.508709
0.0000000100	-51892.905681	-917.593519
0.0000000200	-51865.078294	-917.585586
0.0000000300	-51825.625571	-917.489676
0.0000000400	-51771.072888	-917.305766
0.0000000500	-51702.137454	-917.030358
0.0000000600	-51622.055928	-916.659816
0.0000000700	-51531.597139	-916.194397
0.0000000800	-51425.812079	-915.641117
0.0000000900	-51298.377199	-915.013813
0.0000001000	-51149.537096	-914.329686
0.0000001100	-50989.128215	-913.603011
0.0000001200	-50817.816222	-912.837979
0.0000001300	-50633.560909	-912.023334
0.0000001400	-50443.707589	-911.131163
0.0000001500	-50238.855855	-910.121015
0.0000001600	-50013.557387	-908.948692
0.0000001700	-49786.273653	-907.577341
0.0000001800	-49542.483862	-905.987440
0.0000001900	-49278.007675	-904.182351
0.0000002000	-49015.736433	-902.187412
0.0000002100	-48730.554027	-900.042574
0.0000002200	-48430.286549	-897.790746
0.0000002300	-48128.433269	-895.465486
0.0000002400	-47795.914095	-893.081922
0.0000002500	-47459.440974	-890.633745
0.0000002600	-47115.762439	-888.097053
0.0000002700	-46742.782518	-885.439522
0.0000002800	-46372.719733	-882.631586
0.0000002900	-45987.510464	-879.655728
0.0000003000	-45577.311472	-876.510753
0.0000003100	-45163.657842	-873.209763
0.0000003200	-44730.862191	-869.772864
0.0000003300	-44284.772062	-866.217498
0.0000003400	-43836.510324	-862.550062
0.0000003500	-43370.822232	-858.761959
0.0000003600	-42895.234424	-854.831465
0.0000003700	-42412.411182	-850.730672
0.0000003800	-41909.365901	-846.434831
0.0000003900	-41396.893513	-841.930574
0.0000004000	-40876.540011	-837.219931
0.0000004100	-40342.778914	-832.318607
0.0000004200	-39804.130382	-827.249158
0.0000004300	-39250.939378	-822.031549
0.0000004400	-38679.471631	-816.674566
0.0000004500	-38101.127865	-811.171218
0.0000004600	-37507.968708	-805.499811
0.0000004700	-36902.195708	-799.630295
0.0000004800	-36291.443762	-793.533593
0.0000004900	-35669.380985	-787.190546
0.0000005000	-35040.598593	-780.597300
0.0000005100	-34403.823589	-773.765226
0.0000005200	-33756.178729	-766.715492
0.0000005300	-33104.272130	-759.470227
0.0000005400	-32443.024999	-752.043437
0.0000005500	-31769.882932	-744.434810
0.0000005600	-31089.879814	-736.628463
0.0000005700	-30401.261707	-728.596894
0.0000005800	-29702.349516	-720.308598
0.0000005900	-28998.077280	-711.736583
0.0000006000	-28287.087128	-702.864846
0.0000006100	-27566.536767	-693.690715
0.0000006200	-26837.865630	-684.222496
0.0000006300	-26102.256900	-674.473525
0.0000006400	-25360.324619	-664.454883
0.0000006500	-24610.617706	-654.169358
0.0000006600	-23853.374124	-643.608631
0.0000006700	-23091.046732	-632.754375
0.0000006800	-22325.056678	-621.582601
0.0000006900	-21553.738216	-610.069474
0.0000007000	-20773.508544	-598.196497
0.0000007100	-19984.494128	-585.953371
0.0000007200	-19190.534021	-573.337812
0.0000007300	-18393.348906	-560.352741
0.0000007400	-17591.073347	-547.002141
0.0000007500	-16783.687359	-533.287179
0.0000007600	-15971.302439	-519.203923
0.0000007700	-15154.294669	-504.743225
0.0000007800	-14335.025395	-489.892485
0.0000007900	-13513.141841	-474.638373
0.0000008000	-12687.710439	-458.969357
0.0000008100	-11859.303643	-442.877121
0.0000008200	-11027.046145	-426.356508
0.0000008300	-10188.626517	-409.404267
0.0000008400	-9344.083031	-392.017275
0.0000008500	-8496.655665	-374.191032
0.0000008600	-7647.427754	-355.918967
0.0000008700	-6796.549068	-337.192694
0.0000008800	-5944.921537	-318.002903
0.0000008900	-5091.807969	-298.340386
0.0000009000	-4237.780818	-278.196695
0.0000009100	-3383.742016	-257.564233
0.0000009200	-2529.565097	-236.435915
0.0000009300	-1672.812168	-214.804821
0.0000009400	-814.861088	-192.664337
0.0000009500	42.188061	-170.009143
0.0000009600	897.474938	-146.837088
0.0000009700	1752.415671	-123.151697
0.0000009800	2609.855870	-98.964794
0.0000009900	3467.841904	-74.298763
0.0000010000	4323.328472	-49.188038
0.0000010100	5175.854616	-23.679698
0.0000010200	6026.242406	2.166802
0.0000010300	6874.879575	28.280628
0.0000010400	7721.117124	54.581185
0.0000010500	8565.169714	80.980371
0.0000010600	9408.009183	107.385499
0.0000010700	10246.368936	133.702879
0.0000010800	11076.907450	159.841826
0.0000010900	11902.823113	185.718607
0.0000011000	12726.250962	211.259619
0.0000011100	13547.881583	236.403110
0.0000011200	14368.260813	261.099011
0.0000011300	15186.025763	285.306975
0.0000011400	15999.628819	308.993284
0.0000011500	16808.033252	332.127697
0.0000011600	17610.551791	354.681400
0.0000011700	18409.069857	376.626881
0.0000011800	19204.501033	397.939810
0.0000011900	19997.259671	418.602279
0.0000012000	20788.126253	438.606050
0.0000012100	21570.204774	457.954397
0.0000012200	22341.175474	476.661446
0.0000012300	23106.160434	494.748815
0.0000012400	23867.194845	512.240364
0.0000012500	24621.867435	529.156623
0.0000012600	25369.164775	545.510778
0.0000012700	26108.887175	561.307604
0.0000012800	26840.838259	576.545817
0.0000012900	27566.550671	591.223039
0.0000013000	28283.551564	605.341631
0.0000013100	28992.028981	618.913222
0.0000013200	29692.443878	631.960187
0.0000013300	30384.899419	644.513365
0.0000013400	31070.831718	656.606700
0.0000013500	31750.164234	668.270631
0.0000013600	32423.595886	679.526602
0.0000013700	33086.838317	690.384715
0.0000013800	33737.659961	700.845469
0.0000013900	34380.710290	710.905020
0.0000014000	35015.932745	720.562108
0.0000014100	35641.644915	729.824138
0.0000014200	36258.031522	738.710126
0.0000014300	36862.143794	747.249360
0.0000014400	37454.810436	755.476152
0.0000014500	38038.703986	763.422488
0.0000014600	38614.223828	771.111202
0.0000014700	39180.414789	778.552113
0.0000014800	39733.121612	785.742539
0.0000014900	40274.044997	792.671997
0.0000015000	40805.131937	799.329412
0.0000015100	41325.883205	805.710228
0.0000015200	41837.608447	811.820872
0.0000015300	42338.472167	817.678983
0.0000015400	42826.013169	823.309384
0.0000015500	43301.406302	828.737294
0.0000015600	43767.101109	833.981307
0.0000015700	44224.084398	839.048692
0.0000015800	44670.517353	843.934726
0.0000015900	45102.690706	848.626293
0.0000016000	45523.004076	853.108435
0.0000016100	45930.725287	857.371514
0.0000016200	46320.086576	861.416471
0.0000016300	46692.841884	865.256375
0.0000016400	47053.111513	868.913836
0.0000016500	47402.235050	872.415288
0.0000016600	47742.344214	875.784181
0.0000016700	48068.766230	879.035423
0.0000016800	48379.653950	882.172806
0.0000016900	48678.055991	885.190033
0.0000017000	48964.747819	888.074668
0.0000017100	49238.777579	890.813405
0.0000017200	49499.334852	893.396758
0.0000017300	49747.268330	895.821705
0.0000017400	49982.792672	898.091738
0.0000017500	50206.215751	900.214771
0.0000017600	50414.688640	902.200090
0.0000017700	50608.379393	904.055680
0.0000017800	50789.035316	905.786900
0.0000017900	50958.054251	907.396713
0.0000018000	51113.547458	908.886986
0.0000018100	51253.233451	910.259911
0.0000018200	51380.207454	911.518687
0.0000018300	51492.016606	912.667063
0.0000018400	51587.119929	913.707985
0.0000018500	51669.864041	914.642122
0.0000018600	51740.506889	915.467172
0.0000018700	51798.038362	916.178507
0.0000018800	51841.133844	916.771110
0.0000018900	51868.145876	917.242074
0.0000019000	51881.712042	917.592583
0.0000019100	51884.801100	917.828404
0.0000019200	51873.404243	917.958511
0.0000019300	51848.423402	917.992297
0.0000019400	51812.531116	917.936504
0.0000019500	51763.227917	917.793289
0.0000019600	51698.099217	917.560433
0.0000019700	51618.825729	917.233866
0.0000019800	51530.068576	916.811587
0.0000019900	51430.661244	916.297309
0.0000020000	51319.240842	915.701958
0.0000020100	51192.728815	915.041836
0.0000020200	51042.528460	914.333453
0.0000020300	50866.825881	913.586460
0.0000020400	50676.943561	912.797125
0.0000020500	50477.462760	911.944989
0.0000020600	50268.410100	910.994499
0.0000020700	50056.884594	909.901865
0.0000020800	49838.273424	908.625476
0.0000020900	49596.990671	907.136844
0.0000021000	49344.871316	905.428539
0.0000021100	49082.937203	903.516379
0.0000021200	48797.339682	901.434876
0.0000021300	48507.352257	899.227168
0.0000021400	48208.498609	896.932504
0.0000021500	47888.331251	894.575244
0.0000021600	47561.943507	892.158830
0.0000021700	47221.083199	889.666546
0.0000021800	46857.158559	887.068571
0.0000021900	46487.239846	884.332718
0.0000022000	46104.860456	881.435061
0.0000022100	45704.557101	878.366793
0.0000022200	45302.291781	875.135100
0.0000022300	44884.179357	871.758017
0.0000022400	44448.768664	868.255412
0.0000022500	44007.538667	864.639558
0.0000022600	43547.699135	860.908856
0.0000022700	43076.731797	857.047000
0.0000022800	42599.031574	853.027824
0.0000022900	42105.309475	848.823957
0.0000023000	41599.328010	844.416008
0.0000023100	41079.885710	839.798803
0.0000023200	40546.260350	834.982361
0.0000023300	40006.223247	829.987187
0.0000023400	39458.023778	824.835633
0.0000023500	38898.851289	819.542480
0.0000023600	38331.528085	814.108194
0.0000023700	37751.016965	808.517316
0.0000023800	37157.174793	802.742576
0.0000023900	36555.158604	796.753235
0.0000024000	35943.993242	790.524642
0.0000024100	35325.552477	784.045586
0.0000024200	34694.611064	777.320837
0.0000024300	34050.926024	770.368028
0.0000024400	33401.266896	763.210040
0.0000024500	32743.069321	755.865610
0.0000024600	32076.037080	748.341472
0.0000024700	31403.218790	740.628684
0.0000024800	30721.159816	732.704292
0.0000024900	30027.279130	724.537551
0.0000025000	29326.652208	716.098410
0.0000025100	28618.074265	707.365258
0.0000025200	27900.849695	698.329328
0.0000025300	27178.388230	688.994459
0.0000025400	26450.751444	679.372566
0.0000025500	25716.964180	669.476645
0.0000025600	24973.704902	659.313864
0.0000025700	24223.622845	648.881091
0.0000025800	23467.924494	638.164212
0.0000025900	22702.504515	627.141151
0.0000026000	21930.937375	615.787274
0.0000026100	21155.795767	604.081110
0.0000026200	20374.680070	592.008441
0.0000026300	19587.325701	579.563521
0.0000026400	18792.948861	566.747358
0.0000026500	17992.183580	553.563979
0.0000026600	17185.405939	540.016247
0.0000026700	16372.407911	526.102714
0.0000026800	15556.184876	511.816503
0.0000026900	14737.662067	497.146287
0.0000027000	13915.038940	482.078721
0.0000027100	13086.691339	466.601190
0.0000027200	12254.784238	450.703821
0.0000027300	11420.550743	434.380105
0.0000027400	10583.068937	417.626125
0.0000027500	9743.563592	400.438921
0.0000027600	8901.993119	382.814766
0.0000027700	8058.237687	364.748061
0.0000027800	7213.745062	346.231170
0.0000027900	6368.077588	327.255074
0.0000028000	5521.496532	307.810405
0.0000028100	4673.103280	287.888320
0.0000028200	3822.974376	267.480856
0.0000028300	2971.793772	246.580748
0.0000028400	2118.812623	225.181024
0.0000028500	1264.410329	203.274861
0.0000028600	411.635507	180.856165
0.0000028700	-438.681438	157.921050
0.0000028800	-1289.036654	134.470109
0.0000028900	-2139.826209	110.511047
0.0000029000	-2990.143154	86.061172
0.0000029100	-3840.598216	61.149265
0.0000029200	-4691.437693	35.816595
0.0000029300	-5540.027320	10.117026
0.0000029400	-6385.130672	-15.883657
0.0000029500	-7228.648140	-42.109094
0.0000029600	-8072.265455	-68.474302
0.0000029700	-8915.644806	-94.888288
0.0000029800	-9757.872611	-121.257341
0.0000029900	-10597.401259	-147.488891
0.0000030000	-11433.293863	-173.495560
0.0000030100	-12266.622110	-199.198788
0.0000030200	-13096.951661	-224.531291
0.0000030300	-13923.542006	-249.437790
0.0000030400	-14745.371382	-273.873820
0.0000030500	-15563.579685	-297.803042
0.0000030600	-16380.098940	-321.193964
0.0000030700	-17193.654454	-344.017264
0.0000030800	-18000.621835	-366.244712
0.0000030900	-18798.989195	-387.850175
0.0000031000	-19590.234238	-408.812365
0.0000031100	-20376.330580	-429.118266
0.0000031200	-21158.027066	-448.765790
0.0000031300	-21933.899233	-467.764350
0.0000031400	-22703.421230	-486.132700
0.0000031500	-23462.842199	-503.894385
0.0000031600	-24212.092233	-521.072097
0.0000031700	-24956.884154	-537.682721
0.0000031800	-25698.436099	-553.734797
0.0000031900	-26434.198678	-569.229328
0.0000032000	-27162.339710	-584.163716
0.0000032100	-27884.057347	-598.537460
0.0000032200	-28598.534535	-612.357543
0.0000032300	-29304.752829	-625.641469
0.0000032400	-30005.972191	-638.416711
0.0000032500	-30698.588215	-650.716587
0.0000032600	-31378.395720	-662.573948
0.0000032700	-32050.105752	-674.014876
0.0000032800	-32714.690149	-685.054709
0.0000032900	-33369.987256	-695.697877
0.0000033000	-34016.311578	-705.941710
0.0000033100	-34654.300463	-715.782899
0.0000033200	-35282.076824	-725.224279
0.0000033300	-35900.431093	-734.279442
0.0000033400	-36510.584726	-742.973412
0.0000033500	-37109.838564	-751.339040
0.0000033600	-37699.206036	-759.410319
0.0000033700	-38276.537135	-767.214986
0.0000033800	-38842.146370	-774.769040
0.0000033900	-39399.508363	-782.075174
0.0000034000	-39948.458375	-789.125684
0.0000034100	-40488.796715	-795.908810
0.0000034200	-41018.496527	-802.416245
0.0000034300	-41535.645768	-808.649078
0.0000034400	-42039.786799	-814.620070
0.0000034500	-42532.117770	-820.351479
0.0000034600	-43014.550723	-825.869264
0.0000034700	-43487.420150	-831.195833
0.0000034800	-43947.366243	-836.343995
0.0000034900	-44394.001271	-841.314319
0.0000035000	-44829.263894	-846.096857
0.0000035100	-45254.294007	-850.676579
0.0000035200	-45669.181504	-855.040590
0.0000035300	-46069.456620	-859.184536
0.0000035400	-46454.976221	-863.116008
0.0000035500	-46829.123418	-866.853803
0.0000035600	-47192.946594	-870.423436
0.0000035700	-47544.315727	-873.850540
0.0000035800	-47879.712908	-877.154469
0.0000035900	-48198.976716	-880.344196
0.0000036000	-48504.065799	-883.417706
0.0000036100	-48795.659093	-886.364758
0.0000036200	-49075.116169	-889.171785
0.0000036300	-49343.661799	-891.827073
0.0000036400	-49600.047909	-894.324476
0.0000036500	-49843.495716	-896.664650
0.0000036600	-50072.956838	-898.853838
0.0000036700	-50288.722479	-900.901078
0.0000036800	-50491.426669	-902.815214
0.0000036900	-50679.844636	-904.602868
0.0000037000	-50855.078003	-906.267986
0.0000037100	-51018.900694	-907.812745
0.0000037200	-51170.222738	-909.239042
0.0000037300	-51307.408327	-910.549602
0.0000037400	-51428.921503	-911.748049
0.0000037500	-51537.300001	-912.837892
0.0000037600	-51633.181170	-913.820999
0.0000037700	-51716.488466	-914.696435
0.0000037800	-51785.444647	-915.460467
0.0000037900	-51837.065986	-916.107957
0.0000038000	-51875.030116	-916.634725
0.0000038100	-51901.269064	-917.039914
0.0000038200	-51912.957205	-917.327249
