Tiempo_(s)	Campo_(A/m)	Magnetizacion_(A/m)
0.0000000000	-51773.671135	-646.228938
0.0000000100	-51759.721805	-646.255870
0.0000000200	-51731.268584	-646.245963
0.0000000300	-51689.635781	-646.202316
0.0000000400	-51637.875667	-646.109791
0.0000000500	-51573.977997	-645.940192
0.0000000600	-51497.128630	-645.664554
0.0000000700	-51405.553956	-645.268767
0.0000000800	-51300.393768	-644.766950
0.0000000900	-51176.882687	-644.207064
0.0000001000	-51031.972997	-643.665285
0.0000001100	-50874.700143	-643.229215
0.0000001200	-50708.643695	-642.973854
0.0000001300	-50531.454813	-642.937115
0.0000001400	-50342.245552	-643.102525
0.0000001500	-50133.141949	-643.395089
0.0000001600	-49910.005809	-643.692657
0.0000001700	-49685.117744	-643.850509
0.0000001800	-49443.806476	-643.732780
0.0000001900	-49183.219832	-643.242130
0.0000002000	-48912.757728	-642.339472
0.0000002100	-48628.508101	-641.048427
0.0000002200	-48334.459098	-639.443755
0.0000002300	-48030.532356	-637.627641
0.0000002400	-47710.755727	-635.701124
0.0000002500	-47371.877210	-633.739016
0.0000002600	-47016.050470	-631.775081
0.0000002700	-46648.463948	-629.800729
0.0000002800	-46269.818799	-627.776143
0.0000002900	-45884.691332	-625.649041
0.0000003000	-45488.370565	-623.374402
0.0000003100	-45080.719911	-620.928817
0.0000003200	-44662.192864	-618.315532
0.0000003300	-44224.874369	-615.559673
0.0000003400	-43778.134272	-612.696452
0.0000003500	-43321.464316	-609.757213
0.0000003600	-42851.460697	-606.758363
0.0000003700	-42372.024452	-603.696728
0.0000003800	-41878.822371	-600.552251
0.0000003900	-41372.182388	-597.296270
0.0000004000	-40854.713941	-593.901811
0.0000004100	-40326.829430	-590.351994
0.0000004200	-39786.355782	-586.643737
0.0000004300	-39237.383101	-582.785933
0.0000004400	-38677.785878	-578.793456
0.0000004500	-38105.171902	-574.679715
0.0000004600	-37525.159507	-570.450813
0.0000004700	-36932.497108	-566.103397
0.0000004800	-36328.163950	-561.626671
0.0000004900	-35716.890425	-557.007308
0.0000005000	-35095.185619	-552.234956
0.0000005100	-34463.006159	-547.305886
0.0000005200	-33819.168880	-542.223301
0.0000005300	-33163.519700	-536.994235
0.0000005400	-32499.888127	-531.624447
0.0000005500	-31829.485483	-526.113534
0.0000005600	-31151.091699	-520.452365
0.0000005700	-30465.926845	-514.624018
0.0000005800	-29774.412068	-508.607944
0.0000005900	-29074.395980	-502.385798
0.0000006000	-28365.199115	-495.946703
0.0000006100	-27649.593739	-489.289888
0.0000006200	-26927.438709	-482.423677
0.0000006300	-26197.270853	-475.361181
0.0000006400	-25460.368829	-468.114306
0.0000006500	-24714.987180	-460.688279
0.0000006600	-23963.648601	-453.078707
0.0000006700	-23204.082248	-445.272155
0.0000006800	-22436.214316	-437.249904
0.0000006900	-21665.198620	-428.993385
0.0000007000	-20888.386544	-420.489179
0.0000007100	-20101.247426	-411.731741
0.0000007200	-19306.221407	-402.722915
0.0000007300	-18505.629170	-393.468597
0.0000007400	-17698.213744	-383.973947
0.0000007500	-16886.156949	-374.239118
0.0000007600	-16070.648421	-364.257172
0.0000007700	-15251.731534	-354.014974
0.0000007800	-14428.904863	-343.496664
0.0000007900	-13601.864440	-332.688302
0.0000008000	-12772.266699	-321.581822
0.0000008100	-11942.388953	-310.176720
0.0000008200	-11110.277266	-298.478787
0.0000008300	-10273.552366	-286.496326
0.0000008400	-9433.132630	-274.235274
0.0000008500	-8590.466016	-261.695065
0.0000008600	-7746.757376	-248.866778
0.0000008700	-6901.570346	-235.734287
0.0000008800	-6055.599610	-222.278000
0.0000008900	-5209.466047	-208.479826
0.0000009000	-4360.729515	-194.327617
0.0000009100	-3509.450882	-179.817531
0.0000009200	-2657.877027	-164.953584
0.0000009300	-1805.009295	-149.744709
0.0000009400	-952.187214	-134.200558
0.0000009500	-101.034506	-118.327750
0.0000009600	750.954027	-102.128084
0.0000009700	1604.664053	-85.599560
0.0000009800	2458.484787	-68.740020
0.0000009900	3311.358988	-51.552365
0.0000010000	4161.497826	-34.049743
0.0000010100	5010.514363	-16.259165
0.0000010200	5858.784097	1.777477
0.0000010300	6703.289382	20.005179
0.0000010400	7545.578221	38.359751
0.0000010500	8387.046452	56.772722
0.0000010600	9226.126661	75.175975
0.0000010700	10063.316081	93.505116
0.0000010800	10898.071830	111.701222
0.0000010900	11729.234705	129.711159
0.0000011000	12558.654401	147.487121
0.0000011100	13386.817124	164.986096
0.0000011200	14212.118560	182.169804
0.0000011300	15033.879241	199.005243
0.0000011400	15852.047047	215.465576
0.0000011500	16665.417126	231.530866
0.0000011600	17474.662475	247.188154
0.0000011700	18279.872116	262.430602
0.0000011800	19079.485107	277.255767
0.0000011900	19871.091741	291.663426
0.0000012000	20656.556930	305.653537
0.0000012100	21436.514491	319.224939
0.0000012200	22210.684418	332.375124
0.0000012300	22981.328807	345.101139
0.0000012400	23743.832167	357.401263
0.0000012500	24494.855751	369.276927
0.0000012600	25239.494787	380.734232
0.0000012700	25979.720340	391.784546
0.0000012800	26712.471392	402.443943
0.0000012900	27435.937427	412.731530
0.0000013000	28152.751849	422.667042
0.0000013100	28864.620931	432.268277
0.0000013200	29567.958269	441.549006
0.0000013300	30261.146611	450.517908
0.0000013400	30945.790270	459.178831
0.0000013500	31623.226495	467.532352
0.0000013600	32293.092726	475.578280
0.0000013700	32955.434615	483.318446
0.0000013800	33610.369339	490.759012
0.0000013900	34254.820662	497.911601
0.0000014000	34888.517327	504.792850
0.0000014100	35513.285065	511.422400
0.0000014200	36129.004420	517.819848
0.0000014300	36735.343267	524.001525
0.0000014400	37331.014200	529.978106
0.0000014500	37914.643068	535.753856
0.0000014600	38486.785691	541.327846
0.0000014700	39047.817566	546.696837
0.0000014800	39598.989197	551.858939
0.0000014900	40142.280397	556.816822
0.0000015000	40673.056264	561.579335
0.0000015100	41193.602859	566.160865
0.0000015200	41706.342828	570.578526
0.0000015300	42207.188343	574.848065
0.0000015400	42696.428157	578.979881
0.0000015500	43172.879103	582.976613
0.0000015600	43636.209056	586.833282
0.0000015700	44087.653302	590.540098
0.0000015800	44528.143160	594.087079
0.0000015900	44959.326315	597.468920
0.0000016000	45378.332732	600.688383
0.0000016100	45783.087109	603.756899
0.0000016200	46175.291529	606.692062
0.0000016300	46556.548029	609.512809
0.0000016400	46927.840046	612.233956
0.0000016500	47288.199360	614.862080
0.0000016600	47634.829741	617.394288
0.0000016700	47965.914206	619.820413
0.0000016800	48278.511191	622.127876
0.0000016900	48576.864882	624.307452
0.0000017000	48865.868499	626.357758
0.0000017100	49142.888640	628.286698
0.0000017200	49407.119912	630.109233
0.0000017300	49657.609314	631.842212
0.0000017400	49894.645597	633.498215
0.0000017500	50118.235231	635.080786
0.0000017600	50330.848790	636.583034
0.0000017700	50531.042508	637.990305
0.0000017800	50714.817582	639.286119
0.0000017900	50886.463846	640.459178
0.0000018000	51047.361921	641.508771
0.0000018100	51192.794354	642.446355
0.0000018200	51322.643968	643.292489
0.0000018300	51438.819047	644.070067
0.0000018400	51542.524444	644.796307
0.0000018500	51632.036388	645.476566
0.0000018600	51707.059659	646.102487
0.0000018700	51768.540788	646.655449
0.0000018800	51817.263483	647.114184
0.0000018900	51854.743036	647.463767
0.0000019000	51877.429944	647.702410
0.0000019100	51884.801100	647.843176
0.0000019200	51880.434161	647.909536
0.0000019300	51864.926040	647.926169
0.0000019400	51834.434292	647.908421
0.0000019500	51788.878641	647.854797
0.0000019600	51731.665170	647.746091
0.0000019700	51663.644922	647.552550
0.0000019800	51583.730219	647.247443
0.0000019900	51492.166443	646.822681
0.0000020000	51389.906598	646.300722
0.0000020100	51273.524828	645.737574
0.0000020200	51132.177453	645.214222
0.0000020300	50963.259591	644.817519
0.0000020400	50780.285227	644.615334
0.0000020500	50586.384629	644.633172
0.0000020600	50383.016779	644.839717
0.0000020700	50180.588994	645.146527
0.0000020800	49967.740589	645.423105
0.0000020900	49733.552163	645.523913
0.0000021000	49491.715748	645.320196
0.0000021100	49231.083328	644.727869
0.0000021200	48954.903077	643.723751
0.0000021300	48676.556223	642.345909
0.0000021400	48377.722304	640.678514
0.0000021500	48068.854653	638.826143
0.0000021600	47747.608255	636.885327
0.0000021700	47405.458202	634.921496
0.0000021800	47052.310388	632.957414
0.0000021900	46686.899091	630.975238
0.0000022000	46312.439413	628.930118
0.0000022100	45923.623454	626.769852
0.0000022200	45524.719364	624.453798
0.0000022300	45110.458064	621.965141
0.0000022400	44678.836140	619.313387
0.0000022500	44242.683556	616.527466
0.0000022600	43792.298338	613.642899
0.0000022700	43333.312128	610.688125
0.0000022800	42863.182458	607.674796
0.0000022900	42375.142815	604.595000
0.0000023000	41877.080099	601.425605
0.0000023100	41365.481713	598.137414
0.0000023200	40845.998703	594.705341
0.0000023300	40316.349201	591.115826
0.0000023400	39775.161334	587.369151
0.0000023500	39223.520501	583.476379
0.0000023600	38660.630056	579.452699
0.0000023700	38088.534870	575.310123
0.0000023800	37499.784406	571.052423
0.0000023900	36899.971122	566.674050
0.0000024000	36291.174513	562.163047
0.0000024100	35673.316583	557.506350
0.0000024200	35048.561657	552.695035
0.0000024300	34414.484813	547.727223
0.0000024400	33770.606313	542.607476
0.0000024500	33116.489794	537.343020
0.0000024600	32454.050009	531.938472
0.0000024700	31783.161034	526.391361
0.0000024800	31104.333037	520.690379
0.0000024900	30417.329386	514.817206
0.0000025000	29722.408400	508.751279
0.0000025100	29017.891959	502.475701
0.0000025200	28304.971978	495.982009
0.0000025300	27587.069755	489.271945
0.0000025400	26862.033903	482.355535
0.0000025500	26130.094586	475.246172
0.0000025600	25391.753227	467.954531
0.0000025700	24644.443760	460.483582
0.0000025800	23887.200243	452.826477
0.0000025900	23122.469286	444.968008
0.0000026000	22353.140332	436.888965
0.0000026100	21578.282064	428.571659
0.0000026200	20797.325724	420.004505
0.0000026300	20011.439261	411.183975
0.0000026400	19219.756417	402.113329
0.0000026500	18423.306279	392.798740
0.0000026600	17624.498554	383.244456
0.0000026700	16822.660244	373.448940
0.0000026800	16016.482256	363.403506
0.0000026900	15202.067748	353.093934
0.0000027000	14379.508018	342.504405
0.0000027100	13552.927797	331.622143
0.0000027200	12724.152817	320.440925
0.0000027300	11893.714933	308.962057
0.0000027400	11059.106668	297.192383
0.0000027500	10222.171250	285.140076
0.0000027600	9385.960950	272.809767
0.0000027700	8547.775028	260.198860
0.0000027800	7705.627204	247.296410
0.0000027900	6860.700646	234.084998
0.0000028000	6013.570580	220.544929
0.0000028100	5164.030808	206.659242
0.0000028200	4313.679175	192.417748
0.0000028300	3464.022225	177.818725
0.0000028400	2613.351405	162.867768
0.0000028500	1760.396803	147.574396
0.0000028600	906.252565	131.947799
0.0000028700	53.269808	115.993457
0.0000028800	-797.776510	99.712012
0.0000028900	-1649.016088	83.100995
0.0000029000	-2500.188331	66.158997
0.0000029100	-3351.375790	48.891032
0.0000029200	-4202.511129	31.313465
0.0000029300	-5051.768618	13.457043
0.0000029400	-5898.069327	-4.632798
0.0000029500	-6742.181746	-22.898327
0.0000029600	-7585.141431	-41.273814
0.0000029700	-8425.550267	-59.690480
0.0000029800	-9264.606639	-78.080884
0.0000029900	-10100.743134	-96.381899
0.0000030000	-10933.050122	-114.536063
0.0000030100	-11764.115353	-132.491633
0.0000030200	-12592.985825	-150.202038
0.0000030300	-13419.047129	-167.625430
0.0000030400	-14243.267484	-184.724779
0.0000030500	-15065.714228	-201.468535
0.0000030600	-15883.701838	-217.831537
0.0000030700	-16692.410902	-233.795618
0.0000030800	-17493.005177	-249.349469
0.0000030900	-18290.651421	-264.487539
0.0000031000	-19085.295236	-279.208149
0.0000031100	-19876.124759	-293.511291
0.0000031200	-20662.134869	-307.396731
0.0000031300	-21441.816742	-320.862942
0.0000031400	-22215.526467	-333.907185
0.0000031500	-22984.985537	-346.526635
0.0000031600	-23748.537518	-358.720186
0.0000031700	-24502.020776	-370.490323
0.0000031800	-25247.011472	-381.844450
0.0000031900	-25987.013457	-392.795212
0.0000032000	-26720.893405	-403.359634
0.0000032100	-27444.919578	-413.557224
0.0000032200	-28161.058850	-423.407464
0.0000032300	-28871.158637	-432.927310
0.0000032400	-29573.119674	-442.129311
0.0000032500	-30265.648083	-451.020860
0.0000032600	-30949.542787	-459.604794
0.0000032700	-31627.139688	-467.881241
0.0000032800	-32296.745448	-475.850258
0.0000032900	-32957.680601	-483.514580
0.0000033000	-33610.624613	-490.881684
0.0000033100	-34252.117006	-497.964554
0.0000033200	-34884.400465	-504.780820
0.0000033300	-35510.260196	-511.350421
0.0000033400	-36126.530942	-517.692424
0.0000033500	-36732.882854	-523.821917
0.0000033600	-37330.666120	-529.747968
0.0000033700	-37915.845031	-535.473352
0.0000033800	-38488.732306	-540.996246
0.0000033900	-39051.796239	-546.313398
0.0000034000	-39603.267410	-551.423803
0.0000034100	-40142.585808	-556.331607
0.0000034200	-40670.048933	-561.047196
0.0000034300	-41189.041181	-565.585971
0.0000034400	-41700.131311	-569.965112
0.0000034500	-42201.085383	-574.199363
0.0000034600	-42690.655170	-578.297320
0.0000034700	-43166.956354	-582.259596
0.0000034800	-43630.188663	-586.079653
0.0000034900	-44081.845705	-589.747179
0.0000035000	-44522.702439	-593.252935
0.0000035100	-44950.865796	-596.593409
0.0000035200	-45366.249032	-599.773596
0.0000035300	-45770.862393	-602.806816
0.0000035400	-46163.197056	-605.711509
0.0000035500	-46543.704601	-608.506075
0.0000035600	-46909.907986	-611.203563
0.0000035700	-47262.080746	-613.808164
0.0000035800	-47603.550968	-616.314835
0.0000035900	-47933.363369	-618.712277
0.0000036000	-48248.057470	-620.988223
0.0000036100	-48547.266521	-623.135084
0.0000036200	-48833.680235	-625.153804
0.0000036300	-49107.778347	-627.054401
0.0000036400	-49369.198300	-628.852870
0.0000036500	-49616.329309	-630.565556
0.0000036600	-49849.475344	-632.203121
0.0000036700	-50070.099577	-633.766476
0.0000036800	-50281.284714	-635.246382
0.0000036900	-50478.925432	-636.627087
0.0000037000	-50662.018887	-637.892765
0.0000037100	-50834.846167	-639.034379
0.0000037200	-50995.290510	-640.054291
0.0000037300	-51138.753918	-640.966696
0.0000037400	-51265.149648	-641.793471
0.0000037500	-51376.909091	-642.556823
0.0000037600	-51472.679785	-643.271449
0.0000037700	-51554.576213	-643.939244
0.0000037800	-51626.286741	-644.548766
0.0000037900	-51686.317762	-645.079905
0.0000038000	-51731.851362	-645.512161
0.0000038100	-51762.075678	-645.833417
0.0000038200	-51777.804851	-646.045677
0.0000038300	-51780.280636	-646.165249
