   7.0846562e+03   3.4323999e+01   9.4142681e-01
   7.0751888e+03   3.4270332e+01   9.3995484e-01
   7.0643100e+03   3.2704882e+01   8.9701823e-01
   7.0509418e+03   3.0990748e+01   8.5000355e-01
   7.0343639e+03   3.1114767e+01   8.5340508e-01
   7.0152744e+03   3.3406100e+01   9.1625099e-01
   6.9952607e+03   3.5931192e+01   9.8550833e-01
   6.9751298e+03   3.6459552e+01   1.0000000e+00
   6.9539571e+03   3.4848991e+01   9.5582610e-01
   6.9299856e+03   3.3124855e+01   9.0853709e-01
   6.9024274e+03   3.3189389e+01   9.1030710e-01
   6.8722086e+03   3.4816357e+01   9.5493102e-01
   6.8409054e+03   3.6136467e+01   9.9113855e-01
   6.8091151e+03   3.5849337e+01   9.8326325e-01
   6.7760105e+03   3.4523278e+01   9.4689255e-01
   6.7403894e+03   3.3665654e+01   9.2336995e-01
   6.7019185e+03   3.3931847e+01   9.3067098e-01
   6.6612688e+03   3.4616361e+01   9.4944559e-01
   6.6192315e+03   3.4762775e+01   9.5346140e-01
   6.5759531e+03   3.4309174e+01   9.4102019e-01
   6.5310409e+03   3.3939637e+01   9.3088465e-01
   6.4841787e+03   3.4098213e+01   9.3523403e-01
   6.4354380e+03   3.4529861e+01   9.4707311e-01
   6.3850362e+03   3.4777237e+01   9.5385805e-01
   6.3329899e+03   3.4770973e+01   9.5368626e-01
   6.2790991e+03   3.4719658e+01   9.5227879e-01
   6.2231775e+03   3.4626278e+01   9.4971761e-01
   6.1651883e+03   3.4253181e+01   9.3948443e-01
   6.1051955e+03   3.3592853e+01   9.2137318e-01
   6.0433187e+03   3.3073121e+01   9.0711816e-01
   5.9797765e+03   3.3070814e+01   9.0705486e-01
   5.9148545e+03   3.3344602e+01   9.1456423e-01
   5.8487003e+03   3.3223549e+01   9.1124404e-01
   5.7811585e+03   3.2412961e+01   8.8901151e-01
   5.7119250e+03   3.1404608e+01   8.6135475e-01
   5.6409242e+03   3.0925297e+01   8.4820838e-01
   5.5684697e+03   3.1082625e+01   8.5252351e-01
   5.4949621e+03   3.1265256e+01   8.5753265e-01
   5.4204317e+03   3.0900051e+01   8.4751594e-01
   5.3444535e+03   3.0103759e+01   8.2567551e-01
   5.2665442e+03   2.9452740e+01   8.0781958e-01
   5.1865992e+03   2.9237193e+01   8.0190764e-01
   5.1049173e+03   2.9165319e+01   7.9993629e-01
   5.0218701e+03   2.8822468e+01   7.9053271e-01
   4.9376474e+03   2.8212860e+01   7.7381260e-01
   4.8523142e+03   2.7688960e+01   7.5944324e-01
   4.7659675e+03   2.7441104e+01   7.5264514e-01
   4.6786956e+03   2.7267623e+01   7.4788695e-01
   4.5903862e+03   2.6892673e+01   7.3760296e-01
   4.5007011e+03   2.6342308e+01   7.2250773e-01
   4.4093398e+03   2.5864818e+01   7.0941132e-01
   4.3163302e+03   2.5553896e+01   7.0088343e-01
   4.2220239e+03   2.5228209e+01   6.9195061e-01
   4.1268177e+03   2.4717560e+01   6.7794472e-01
   4.0309118e+03   2.4119415e+01   6.6153898e-01
   3.9343061e+03   2.3653953e+01   6.4877245e-01
   3.8369175e+03   2.3339954e+01   6.4016021e-01
   3.7386212e+03   2.2971407e+01   6.3005182e-01
   3.6392267e+03   2.2431441e+01   6.1524183e-01
   3.5385447e+03   2.1881338e+01   6.0015379e-01
   3.4365500e+03   2.1532369e+01   5.9058240e-01
   3.3334391e+03   2.1313932e+01   5.8459118e-01
   3.2294616e+03   2.0926387e+01   5.7396171e-01
   3.1246998e+03   2.0239932e+01   5.5513388e-01
   3.0190724e+03   1.9497264e+01   5.3476422e-01
   2.9125586e+03   1.9017308e+01   5.2160017e-01
   2.8053417e+03   1.8776618e+01   5.1499859e-01
   2.6976645e+03   1.8432681e+01   5.0556521e-01
   2.5895654e+03   1.7771775e+01   4.8743810e-01
   2.4808269e+03   1.6989608e+01   4.6598510e-01
   2.3711929e+03   1.6429089e+01   4.5061139e-01
   2.2605696e+03   1.6123796e+01   4.4223792e-01
   2.1489821e+03   1.5754513e+01   4.3210934e-01
   2.0364270e+03   1.5072135e+01   4.1339332e-01
   1.9229079e+03   1.4220989e+01   3.9004839e-01
   1.8086405e+03   1.3540511e+01   3.7138446e-01
   1.6940879e+03   1.3123960e+01   3.5995944e-01
   1.5796416e+03   1.2722644e+01   3.4895230e-01
   1.4652534e+03   1.2101174e+01   3.3190682e-01
   1.3504913e+03   1.1345343e+01   3.1117616e-01
   1.2350319e+03   1.0713612e+01   2.9384926e-01
   1.1190464e+03   1.0260445e+01   2.8141995e-01
   1.0030113e+03   9.7623562e+00   2.6775854e-01
   8.8715158e+02   9.0425913e+00   2.4801707e-01
   7.7117937e+02   8.2325536e+00   2.2579964e-01
   6.5465036e+02   7.5986212e+00   2.0841236e-01
   5.3751322e+02   7.1701941e+00   1.9666161e-01
   4.2019490e+02   6.6862595e+00   1.8338842e-01
   3.0313015e+02   5.9443343e+00   1.6303915e-01
   1.8630647e+02   5.0824282e+00   1.3939909e-01
   6.9348669e+01   4.4097471e+00   1.2094902e-01
  -4.8000109e+01   4.0090451e+00   1.0995870e-01
  -1.6559339e+02   3.6373295e+00   9.9763417e-02
  -2.8309050e+02   3.0459506e+00   8.3543283e-02
  -4.0033884e+02   2.2839677e+00   6.2643878e-02
  -5.1744647e+02   1.5908109e+00   4.3632213e-02
  -6.3450892e+02   1.0505625e+00   2.8814466e-02
  -7.5139336e+02   4.9061858e-01   1.3456517e-02
  -8.6786390e+02  -2.4897345e-01  -6.8287578e-03
  -9.8385865e+02  -1.0660100e+00  -2.9238154e-02
  -1.0995409e+03  -1.7218349e+00  -4.7225893e-02
  -1.2150659e+03  -2.1698271e+00  -5.9513268e-02
  -1.3303819e+03  -2.6290108e+00  -7.2107602e-02
  -1.4453233e+03  -3.2948480e+00  -9.0369954e-02
  -1.5598572e+03  -4.0791795e+00  -1.1188233e-01
  -1.6741432e+03  -4.7333596e+00  -1.2982495e-01
  -1.7883103e+03  -5.1861427e+00  -1.4224373e-01
  -1.9022172e+03  -5.6365121e+00  -1.5459631e-01
  -2.0154803e+03  -6.2771934e+00  -1.7216870e-01
  -2.1277389e+03  -7.0270261e+00  -1.9273485e-01
  -2.2388781e+03  -7.6372793e+00  -2.0947266e-01
  -2.3490286e+03  -8.0302953e+00  -2.2025217e-01
  -2.4584161e+03  -8.4154256e+00  -2.3081539e-01
  -2.5672327e+03  -9.0245983e+00  -2.4752357e-01
  -2.6755785e+03  -9.8128588e+00  -2.6914370e-01
  -2.7834232e+03  -1.0510152e+01  -2.8826882e-01
  -2.8905834e+03  -1.0950908e+01  -3.0035773e-01
  -2.9967859e+03  -1.1263355e+01  -3.0892740e-01
  -3.1018178e+03  -1.1703419e+01  -3.2099735e-01
  -3.2056397e+03  -1.2368275e+01  -3.3923277e-01
  -3.3083503e+03  -1.3133436e+01  -3.6021934e-01
  -3.4100652e+03  -1.3833200e+01  -3.7941224e-01
  -3.5108679e+03  -1.4417013e+01  -3.9542485e-01
  -3.6108698e+03  -1.4918234e+01  -4.0917218e-01
  -3.7102376e+03  -1.5356176e+01  -4.2118391e-01
  -3.8090741e+03  -1.5741136e+01  -4.3174245e-01
  -3.9072657e+03  -1.6141651e+01  -4.4272764e-01
  -4.0045168e+03  -1.6657442e+01  -4.5687457e-01
  -4.1005980e+03  -1.7299301e+01  -4.7447926e-01
  -4.1955480e+03  -1.7952673e+01  -4.9239972e-01
  -4.2895762e+03  -1.8505505e+01  -5.0756259e-01
  -4.3827447e+03  -1.8979356e+01  -5.2055923e-01
  -4.4747922e+03  -1.9479862e+01  -5.3428692e-01
  -4.5653259e+03  -2.0033813e+01  -5.4948051e-01
  -4.6541979e+03  -2.0548194e+01  -5.6358877e-01
  -4.7416579e+03  -2.0955189e+01  -5.7475168e-01
  -4.8281086e+03  -2.1331441e+01  -5.8507139e-01
  -4.9137098e+03  -2.1804696e+01  -5.9805168e-01
  -4.9982260e+03  -2.2368988e+01  -6.1352889e-01
  -5.0812405e+03  -2.2880008e+01  -6.2754497e-01
  -5.1624953e+03  -2.3257462e+01  -6.3789764e-01
  -5.2420343e+03  -2.3612882e+01  -6.4764598e-01
  -5.3200691e+03  -2.4102405e+01  -6.6107245e-01
  -5.3967517e+03  -2.4690296e+01  -6.7719692e-01
  -5.4720742e+03  -2.5161248e+01  -6.9011402e-01
  -5.5459397e+03  -2.5394710e+01  -6.9651734e-01
  -5.6182814e+03  -2.5540758e+01  -7.0052310e-01
  -5.6891020e+03  -2.5845076e+01  -7.0886983e-01
  -5.7584226e+03  -2.6341049e+01  -7.2247321e-01
  -5.8262282e+03  -2.6819634e+01  -7.3559965e-01
  -5.8924837e+03  -2.7119221e+01  -7.4381665e-01
  -5.9571958e+03  -2.7339307e+01  -7.4985309e-01
  -6.0204266e+03  -2.7682597e+01  -7.5926873e-01
  -6.0822070e+03  -2.8145908e+01  -7.7197625e-01
  -6.1424296e+03  -2.8499866e+01  -7.8168449e-01
  -6.2008602e+03  -2.8602526e+01  -7.8450022e-01
  -6.2573078e+03  -2.8618465e+01  -7.8493739e-01
  -6.3117975e+03  -2.8827779e+01  -7.9067837e-01
  -6.3645431e+03  -2.9270326e+01  -8.0281640e-01
  -6.4157153e+03  -2.9705980e+01  -8.1476538e-01
  -6.4652524e+03  -2.9942793e+01  -8.2126060e-01
  -6.5129452e+03  -3.0078189e+01  -8.2497418e-01
  -6.5587161e+03  -3.0324002e+01  -8.3171625e-01
  -6.6027537e+03  -3.0676674e+01  -8.4138923e-01
  -6.6453055e+03  -3.0916832e+01  -8.4797619e-01
  -6.6863543e+03  -3.0948262e+01  -8.4883825e-01
  -6.7255900e+03  -3.0979885e+01  -8.4970560e-01
  -6.7627614e+03  -3.1256525e+01  -8.5729318e-01
  -6.7980111e+03  -3.1699578e+01  -8.6944510e-01
  -6.8317609e+03  -3.1989114e+01  -8.7738638e-01
  -6.8642324e+03  -3.2011360e+01  -8.7799652e-01
  -6.8951477e+03  -3.2040962e+01  -8.7880845e-01
  -6.9239777e+03  -3.2354026e+01  -8.8739506e-01
  -6.9504618e+03  -3.2784616e+01  -8.9920515e-01
  -6.9747959e+03  -3.2889969e+01  -9.0209473e-01
  -6.9972867e+03  -3.2574104e+01  -8.9343129e-01
  -7.0179250e+03  -3.2316013e+01  -8.8635247e-01
  -7.0364206e+03  -3.2600140e+01  -8.9414539e-01
  -7.0526483e+03  -3.3244104e+01  -9.1180782e-01
  -7.0669204e+03  -3.3561646e+01  -9.2051724e-01
  -7.0797060e+03  -3.3237778e+01  -9.1163431e-01
  -7.0911099e+03  -3.2782883e+01  -8.9915760e-01
  -7.1007382e+03  -3.2900945e+01  -9.0239577e-01
  -7.1081170e+03  -3.3548499e+01  -9.2015666e-01
  -7.1131746e+03  -3.3955875e+01  -9.3133003e-01
  -7.1162542e+03  -3.3652396e+01  -9.2300629e-01
  -7.1177108e+03  -3.3140645e+01  -9.0897018e-01
  -7.1175996e+03  -3.3238876e+01  -9.1166442e-01
  -7.1157518e+03  -3.3902074e+01  -9.2985438e-01
  -7.1120065e+03  -3.4169167e+01  -9.3718012e-01
  -7.1062543e+03  -3.3481396e+01  -9.1831618e-01
  -7.0983401e+03  -3.2678932e+01  -8.9630647e-01
  -7.0881504e+03  -3.3158284e+01  -9.0945397e-01
  -7.0759083e+03  -3.5001808e+01  -9.6001751e-01
  -7.0622388e+03  -3.6459552e+01  -1.0000000e+00
  -7.0476904e+03  -3.5741599e+01  -9.8030825e-01
  -7.0320962e+03  -3.3188275e+01  -9.1027655e-01
  -7.0145489e+03  -3.1150237e+01  -8.5437794e-01
  -6.9942034e+03  -3.1491065e+01  -8.6372607e-01
  -6.9711383e+03  -3.3522017e+01  -9.1943032e-01
  -6.9463014e+03  -3.4798176e+01  -9.5443236e-01
  -6.9205118e+03  -3.3874690e+01  -9.2910331e-01
  -6.8935658e+03  -3.1825646e+01  -8.7290284e-01
  -6.8644285e+03  -3.0843782e+01  -8.4597261e-01
  -6.8323098e+03  -3.1702102e+01  -8.6951431e-01
  -6.7974528e+03  -3.3073527e+01  -9.0712928e-01
  -6.7608160e+03  -3.3315843e+01  -9.1377544e-01
  -6.7230678e+03  -3.2389108e+01  -8.8835729e-01
  -6.6840062e+03  -3.1641679e+01  -8.6785706e-01
  -6.6429454e+03  -3.1973505e+01  -8.7695827e-01
  -6.5995150e+03  -3.2784882e+01  -8.9921242e-01
  -6.5539755e+03  -3.2902129e+01  -9.0242825e-01
  -6.5068353e+03  -3.2109124e+01  -8.8067797e-01
  -6.4583374e+03  -3.1303419e+01  -8.5857936e-01
  -6.4083816e+03  -3.1228657e+01  -8.5652884e-01
  -6.3568101e+03  -3.1550121e+01  -8.6534584e-01
  -6.3035899e+03  -3.1434494e+01  -8.6217446e-01
  -6.2486965e+03  -3.0737527e+01  -8.4305830e-01
  -6.1919673e+03  -3.0168684e+01  -8.2745626e-01
  -6.1331990e+03  -3.0265435e+01  -8.3010989e-01
  -6.0723697e+03  -3.0619462e+01  -8.3982005e-01
  -6.0096582e+03  -3.0412869e+01  -8.3415366e-01
  -5.9452133e+03  -2.9531526e+01  -8.0998051e-01
  -5.8789914e+03  -2.8751295e+01  -7.8858060e-01
  -5.8109042e+03  -2.8739731e+01  -7.8826343e-01
  -5.7410884e+03  -2.9186231e+01  -8.0050987e-01
  -5.6699169e+03  -2.9193596e+01  -8.0071187e-01
  -5.5976914e+03  -2.8410972e+01  -7.7924632e-01
  -5.5243859e+03  -2.7449344e+01  -7.5287115e-01
  -5.4497658e+03  -2.7082523e+01  -7.4281010e-01
  -5.3737314e+03  -2.7290281e+01  -7.4850842e-01
  -5.2964357e+03  -2.7340642e+01  -7.4988970e-01
  -5.2180146e+03  -2.6738009e+01  -7.3336088e-01
  -5.1382825e+03  -2.5806292e+01  -7.0780607e-01
  -5.0568277e+03  -2.5231163e+01  -6.9203164e-01
  -4.9734544e+03  -2.5222367e+01  -6.9179038e-01
  -4.8884605e+03  -2.5340789e+01  -6.9503841e-01
  -4.8023929e+03  -2.5097154e+01  -6.8835608e-01
  -4.7155219e+03  -2.4491294e+01  -6.7173876e-01
  -4.6276068e+03  -2.3878865e+01  -6.5494128e-01
  -4.5381980e+03  -2.3477217e+01  -6.4392499e-01
  -4.4471221e+03  -2.3183466e+01  -6.3586810e-01
  -4.3546254e+03  -2.2826367e+01  -6.2607372e-01
  -4.2610755e+03  -2.2395887e+01  -6.1426666e-01
  -4.1666132e+03  -2.1956700e+01  -6.0222078e-01
  -4.0711386e+03  -2.1484718e+01  -5.8927544e-01
  -3.9745787e+03  -2.0935145e+01  -5.7420193e-01
  -3.8770572e+03  -2.0408569e+01  -5.5975919e-01
  -3.7787522e+03  -2.0071702e+01  -5.5051971e-01
  -3.6796340e+03  -1.9875444e+01  -5.4513682e-01
  -3.5794241e+03  -1.9506460e+01  -5.3501646e-01
  -3.4778498e+03  -1.8748244e+01  -5.1422036e-01
  -3.3749214e+03  -1.7816551e+01  -4.8866621e-01
  -3.2709411e+03  -1.7169626e+01  -4.7092257e-01
  -3.1662503e+03  -1.6963725e+01  -4.6527521e-01
  -3.0609849e+03  -1.6846933e+01  -4.6207187e-01
  -2.9550590e+03  -1.6392242e+01  -4.4960076e-01
  -2.8483393e+03  -1.5629925e+01  -4.2869220e-01
  -2.7408086e+03  -1.4982326e+01  -4.1093007e-01
  -2.6325844e+03  -1.4684688e+01  -4.0276654e-01
  -2.5238305e+03  -1.4466506e+01  -3.9678232e-01
  -2.4146610e+03  -1.3924872e+01  -3.8192659e-01
  -2.3050865e+03  -1.3086115e+01  -3.5892144e-01
  -2.1949899e+03  -1.2387896e+01  -3.3977094e-01
  -2.0841461e+03  -1.2094428e+01  -3.3172181e-01
  -1.9723174e+03  -1.1934377e+01  -3.2733196e-01
  -1.8594095e+03  -1.1461249e+01  -3.1435517e-01
  -1.7455782e+03  -1.0656952e+01  -2.9229521e-01
  -1.6311765e+03  -9.9581100e+00  -2.7312760e-01
  -1.5165591e+03  -9.6592579e+00  -2.6493079e-01
  -1.4018942e+03  -9.4982415e+00  -2.6051449e-01
  -1.2871263e+03  -8.9962867e+00  -2.4674705e-01
  -1.1720875e+03  -8.1075353e+00  -2.2237068e-01
  -1.0566352e+03  -7.3021544e+00  -2.0028097e-01
  -9.4071353e+02  -6.9565606e+00  -1.9080214e-01
  -8.2434351e+02  -6.8550155e+00  -1.8801700e-01
  -7.0760445e+02  -6.4663412e+00  -1.7735657e-01
  -5.9062250e+02  -5.6311701e+00  -1.5444979e-01
  -4.7352873e+02  -4.7547171e+00  -1.3041074e-01
  -3.5638468e+02  -4.2650704e+00  -1.1698088e-01
  -2.3915007e+02  -4.0677782e+00  -1.1156962e-01
  -1.2175691e+02  -3.7080936e+00  -1.0170431e-01
  -4.2348747e+00  -2.9916038e+00  -8.2052676e-02
   1.1325461e+02  -2.2179202e+00  -6.0832350e-02
   2.3053802e+02  -1.7367235e+00  -4.7634254e-02
   3.4758635e+02  -1.4604883e+00  -4.0057769e-02
   4.6452670e+02  -1.0032372e+00  -2.7516444e-02
   5.8147712e+02  -2.3551016e-01  -6.4594913e-03
   6.9837953e+02   5.2605275e-01   1.4428393e-02
   8.1502231e+02   9.5986646e-01   2.6326886e-02
   9.3123635e+02   1.1955666e+00   3.2791588e-02
   1.0470518e+03   1.6440701e+00   4.5092988e-02
   1.1626459e+03   2.4268352e+00   6.6562399e-02
   1.2781438e+03   3.1920383e+00   8.7550126e-02
   1.3934851e+03   3.5827307e+00   9.8265900e-02
   1.5084718e+03   3.7255213e+00   1.0218231e-01
   1.6229086e+03   4.0696737e+00   1.1162161e-01
   1.7366728e+03   4.7874740e+00   1.3130918e-01
   1.8496768e+03   5.5475877e+00   1.5215732e-01
   1.9618314e+03   5.9700012e+00   1.6374313e-01
   2.0730923e+03   6.1450873e+00   1.6854533e-01
   2.1835377e+03   6.5113055e+00   1.7858984e-01
   2.2933626e+03   7.2577168e+00   1.9906215e-01
   2.4027654e+03   8.0637012e+00   2.2116841e-01
   2.5118217e+03   8.5302633e+00   2.3396512e-01
   2.6204478e+03   8.7181591e+00   2.3911866e-01
   2.7284633e+03   9.0634789e+00   2.4858997e-01
   2.8356919e+03   9.7855076e+00   2.6839353e-01
   2.9420469e+03   1.0587867e+01   2.9040037e-01
   3.0475704e+03   1.1054994e+01   3.0321256e-01
   3.1523927e+03   1.1207747e+01   3.0740222e-01
   3.2565996e+03   1.1473205e+01   3.1468310e-01
   3.3600929e+03   1.2116391e+01   3.3232420e-01
   3.4625982e+03   1.2897557e+01   3.5374975e-01
   3.5638656e+03   1.3401643e+01   3.6757563e-01
   3.6638945e+03   1.3584670e+01   3.7259565e-01
   3.7629293e+03   1.3813232e+01   3.7886455e-01
   3.8611965e+03   1.4372383e+01   3.9420075e-01
   3.9586543e+03   1.5115020e+01   4.1456954e-01
   4.0550459e+03   1.5695764e+01   4.3049801e-01
   4.1502010e+03   1.6031985e+01   4.3971974e-01
   4.2442185e+03   1.6366704e+01   4.4890030e-01
   4.3372889e+03   1.6896309e+01   4.6342613e-01
   4.4293597e+03   1.7514729e+01   4.8038794e-01
   4.5200777e+03   1.8010282e+01   4.9397980e-01
   4.6091314e+03   1.8385246e+01   5.0426418e-01
   4.6966204e+03   1.8818218e+01   5.1613958e-01
   4.7829955e+03   1.9347952e+01   5.3066894e-01
   4.8685972e+03   1.9786307e+01   5.4269201e-01
   4.9532876e+03   2.0023890e+01   5.4920835e-01
   5.0365756e+03   2.0272110e+01   5.5601643e-01
   5.1180761e+03   2.0823460e+01   5.7113868e-01
   5.1977957e+03   2.1609187e+01   5.9268932e-01
   5.2759931e+03   2.2198096e+01   6.0884173e-01
   5.3528637e+03   2.2324069e+01   6.1229686e-01
   5.4284370e+03   2.2268995e+01   6.1078630e-01
   5.5027176e+03   2.2547997e+01   6.1843867e-01
   5.5757798e+03   2.3261313e+01   6.3800327e-01
   5.6476423e+03   2.3965386e+01   6.5731433e-01
   5.7181203e+03   2.4259502e+01   6.6538124e-01
   5.7869262e+03   2.4320376e+01   6.6705088e-01
   5.8539473e+03   2.4658553e+01   6.7632627e-01
   5.9193502e+03   2.5408048e+01   6.9688318e-01
   5.9833395e+03   2.6110963e+01   7.1616247e-01
   6.0458501e+03   2.6314058e+01   7.2173290e-01
   6.1065616e+03   2.6191554e+01   7.1837291e-01
   6.1652391e+03   2.6343230e+01   7.2253303e-01
   6.2219872e+03   2.7012621e+01   7.4089284e-01
   6.2771078e+03   2.7764770e+01   7.6152252e-01
   6.3307359e+03   2.8064720e+01   7.6974945e-01
   6.3826928e+03   2.7988066e+01   7.6764703e-01
   6.4327127e+03   2.8106781e+01   7.7090309e-01
   6.4807515e+03   2.8701343e+01   7.8721053e-01
   6.5270216e+03   2.9366886e+01   8.0546480e-01
   6.5717635e+03   2.9555167e+01   8.1062891e-01
   6.6150509e+03   2.9323024e+01   8.0426177e-01
   6.6568091e+03   2.9267287e+01   8.0273305e-01
   6.6969273e+03   2.9726404e+01   8.1532555e-01
   6.7352930e+03   3.0332702e+01   8.3195489e-01
   6.7717779e+03   3.0529083e+01   8.3734115e-01
   6.8062983e+03   3.0344895e+01   8.3228932e-01
   6.8389033e+03   3.0360224e+01   8.3270975e-01
   6.8697091e+03   3.0896182e+01   8.4740983e-01
   6.8986824e+03   3.1546682e+01   8.6525150e-01
   6.9255660e+03   3.1719183e+01   8.6998279e-01
   6.9501498e+03   3.1460557e+01   8.6288929e-01
   6.9726226e+03   3.1417932e+01   8.6172021e-01
   6.9935116e+03   3.1949914e+01   8.7631121e-01
   7.0131472e+03   3.2595474e+01   8.9401742e-01
   7.0312386e+03   3.2666152e+01   8.9595595e-01
   7.0471418e+03   3.2197367e+01   8.8309828e-01
   7.0606038e+03   3.1955124e+01   8.7645412e-01
   7.0721127e+03   3.2437206e+01   8.8967649e-01
   7.0823678e+03   3.3191600e+01   9.1036776e-01
   7.0914450e+03   3.3395011e+01   9.1594684e-01
   7.0986732e+03   3.2942578e+01   9.0353765e-01
   7.1034190e+03   3.2576060e+01   8.9348494e-01
   7.1058478e+03   3.2857836e+01   9.0121337e-01
   7.1067093e+03   3.3391361e+01   9.1584673e-01
   7.1063874e+03   3.3395063e+01   9.1594825e-01
   7.1043991e+03   3.2870777e+01   9.0156834e-01
   7.0999970e+03   3.2696965e+01   8.9680107e-01
   7.0931299e+03   3.3377487e+01   9.1546619e-01
