Tiempo_(s)	Campo_(A/m)	Magnetizacion_(A/m)
0.0000000000	-51830.436127	-755.402363
0.0000000100	-51812.931690	-755.442906
0.0000000200	-51772.144993	-755.363573
0.0000000300	-51714.179414	-755.110941
0.0000000400	-51643.364560	-754.652089
0.0000000500	-51558.159066	-753.998981
0.0000000600	-51462.263123	-753.212959
0.0000000700	-51352.039763	-752.383196
0.0000000800	-51223.352479	-751.586084
0.0000000900	-51075.468180	-750.843891
0.0000001000	-50890.706153	-750.104232
0.0000001100	-50670.018793	-749.254414
0.0000001200	-50434.453210	-748.169001
0.0000001300	-50186.705933	-746.772133
0.0000001400	-49910.638758	-745.086346
0.0000001500	-49608.874177	-743.242546
0.0000001600	-49294.813415	-741.441067
0.0000001700	-48968.134639	-739.875256
0.0000001800	-48632.127924	-738.647132
0.0000001900	-48290.698515	-737.710736
0.0000002000	-47929.685892	-736.869294
0.0000002100	-47546.715357	-735.830787
0.0000002200	-47160.892212	-734.302051
0.0000002300	-46753.584494	-732.084932
0.0000002400	-46325.063914	-729.136732
0.0000002500	-45890.028698	-725.571856
0.0000002600	-45432.583862	-721.605944
0.0000002700	-44951.407345	-717.467058
0.0000002800	-44458.975324	-713.310783
0.0000002900	-43952.344621	-709.172345
0.0000003000	-43425.784954	-704.971400
0.0000003100	-42884.307758	-700.562110
0.0000003200	-42326.023633	-695.802962
0.0000003300	-41750.907518	-690.614953
0.0000003400	-41166.912884	-685.005045
0.0000003500	-40575.234204	-679.049389
0.0000003600	-39969.716835	-672.849074
0.0000003700	-39340.711005	-666.481812
0.0000003800	-38688.024758	-659.971882
0.0000003900	-38025.136789	-653.289395
0.0000004000	-37357.186120	-646.374807
0.0000004100	-36675.910552	-639.173052
0.0000004200	-35977.956786	-631.658971
0.0000004300	-35266.704325	-623.842220
0.0000004400	-34540.996857	-615.751656
0.0000004500	-33805.781453	-607.409803
0.0000004600	-33066.904022	-598.812340
0.0000004700	-32317.721195	-589.923744
0.0000004800	-31554.288422	-580.690916
0.0000004900	-30771.080478	-571.066913
0.0000005000	-29967.854144	-561.031804
0.0000005100	-29156.584911	-550.599685
0.0000005200	-28340.201715	-539.808434
0.0000005300	-27513.860017	-528.697870
0.0000005400	-26675.774088	-517.287711
0.0000005500	-25826.548287	-505.566377
0.0000005600	-24968.508334	-493.495659
0.0000005700	-24101.101135	-481.028011
0.0000005800	-23225.431735	-468.126981
0.0000005900	-22344.443313	-454.780296
0.0000006000	-21456.888991	-440.999529
0.0000006100	-20563.513818	-426.807591
0.0000006200	-19667.479134	-412.221530
0.0000006300	-18769.928147	-397.240094
0.0000006400	-17861.531772	-381.842453
0.0000006500	-16933.450798	-365.998129
0.0000006600	-15993.035481	-349.682231
0.0000006700	-15048.585040	-332.887517
0.0000006800	-14098.956270	-315.626941
0.0000006900	-13143.430324	-297.925797
0.0000007000	-12181.389742	-279.808225
0.0000007100	-11215.160243	-261.285728
0.0000007200	-10246.258133	-242.353855
0.0000007300	-9271.034485	-222.998455
0.0000007400	-8294.654528	-203.207477
0.0000007500	-7321.294076	-182.981396
0.0000007600	-6343.217819	-162.336414
0.0000007700	-5358.871289	-141.299093
0.0000007800	-4372.905926	-119.896416
0.0000007900	-3385.424260	-98.148326
0.0000008000	-2396.015031	-76.068796
0.0000008100	-1407.094529	-53.676809
0.0000008200	-417.235879	-31.012679
0.0000008300	575.025960	-8.151314
0.0000008400	1566.850336	14.795599
0.0000008500	2557.107144	37.691736
0.0000008600	3543.881923	60.399082
0.0000008700	4525.889631	82.802737
0.0000008800	5505.404724	104.827429
0.0000008900	6487.245537	126.439278
0.0000009000	7472.452748	147.633140
0.0000009100	8453.715406	168.412411
0.0000009200	9430.197892	188.771213
0.0000009300	10401.206420	208.686962
0.0000009400	11366.124672	228.125635
0.0000009500	12326.057695	247.055448
0.0000009600	13285.708190	265.460689
0.0000009700	14244.240540	283.347914
0.0000009800	15193.881269	300.741305
0.0000009900	16135.953582	317.670040
0.0000010000	17065.986036	334.154833
0.0000010100	17980.856598	350.201075
0.0000010200	18884.047295	365.802115
0.0000010300	19780.004511	380.950476
0.0000010400	20673.469111	395.650219
0.0000010500	21562.269170	409.922933
0.0000010600	22446.263995	423.803242
0.0000010700	23326.596794	437.325598
0.0000010800	24200.170593	450.509137
0.0000010900	25064.621510	463.348898
0.0000011000	25919.255759	475.818703
0.0000011100	26762.903930	487.885036
0.0000011200	27592.957776	499.525460
0.0000011300	28413.541847	510.742508
0.0000011400	29228.793795	521.566095
0.0000011500	30037.428578	532.043229
0.0000011600	30839.419992	542.220158
0.0000011700	31627.572717	552.125887
0.0000011800	32395.950272	561.765049
0.0000011900	33146.673320	571.123116
0.0000012000	33886.218332	580.180429
0.0000012100	34616.678625	588.927013
0.0000012200	35332.157023	597.370037
0.0000012300	36037.831855	605.530083
0.0000012400	36732.790032	613.428817
0.0000012500	37413.575730	621.075622
0.0000012600	38083.568449	628.461563
0.0000012700	38745.607697	635.565076
0.0000012800	39401.543567	642.367119
0.0000012900	40045.362111	648.867777
0.0000013000	40665.807825	655.094698
0.0000013100	41264.025060	661.097378
0.0000013200	41849.174859	666.928542
0.0000013300	42419.740920	672.620972
0.0000013400	42976.018872	678.171316
0.0000013500	43515.669891	683.539756
0.0000013600	44037.435140	688.667021
0.0000013700	44550.913127	693.501625
0.0000013800	45054.483877	698.024822
0.0000013900	45536.364995	702.261344
0.0000014000	45994.783857	706.270534
0.0000014100	46436.768885	710.121793
0.0000014200	46864.877063	713.865756
0.0000014300	47278.054610	717.514657
0.0000014400	47677.573466	721.040781
0.0000014500	48057.908408	724.393146
0.0000014600	48421.282627	727.523818
0.0000014700	48772.398828	730.411006
0.0000014800	49104.626743	733.068172
0.0000014900	49418.339470	735.535725
0.0000015000	49720.385434	737.860537
0.0000015100	50006.934572	740.074221
0.0000015200	50270.869032	742.180936
0.0000015300	50508.617357	744.159959
0.0000015400	50724.946620	745.980279
0.0000015500	50925.227105	747.618484
0.0000015600	51099.860305	749.070147
0.0000015700	51250.054936	750.349276
0.0000015800	51386.899606	751.477462
0.0000015900	51507.824232	752.470190
0.0000016000	51611.505608	753.329094
0.0000016100	51699.947623	754.044988
0.0000016200	51772.007071	754.609635
0.0000016300	51830.780923	755.028410
0.0000016400	51871.796595	755.324826
0.0000016500	51884.801100	755.532276
0.0000016600	51877.620319	755.676092
0.0000016700	51858.117152	755.755782
0.0000016800	51822.282682	755.738888
0.0000016900	51772.635728	755.572814
0.0000017000	51708.700663	755.211386
0.0000017100	51629.243711	754.643683
0.0000017200	51538.518154	753.909225
0.0000017300	51431.679453	753.088481
0.0000017400	51304.680527	752.269390
0.0000017500	51157.572640	751.503631
0.0000017600	50977.865369	750.773980
0.0000017700	50752.621155	749.991591
0.0000017800	50504.057661	749.029492
0.0000017900	50259.220561	747.781224
0.0000018000	49995.018406	746.219579
0.0000018100	49712.084046	744.427033
0.0000018200	49447.884177	742.579437
0.0000018300	49162.698136	740.884223
0.0000018400	48821.272742	739.495332
0.0000018500	48479.862737	738.439522
0.0000018600	48133.156485	737.586480
0.0000018700	47750.563062	736.678323
0.0000018800	47364.283695	735.409635
0.0000018900	46965.872756	733.527690
0.0000019000	46535.326100	730.913567
0.0000019100	46087.691132	727.612526
0.0000019200	45626.628734	723.803040
0.0000019300	45148.656878	719.719095
0.0000019400	44656.050019	715.558743
0.0000019500	44152.470184	711.415788
0.0000019600	43633.188463	707.259630
0.0000019700	43100.094259	702.966618
0.0000019800	42551.978852	698.384594
0.0000019900	41981.081873	693.400151
0.0000020000	41393.186008	687.980089
0.0000020100	40790.539509	682.172747
0.0000020200	40177.511291	676.073991
0.0000020300	39553.946415	669.777657
0.0000020400	38913.703343	663.334782
0.0000020500	38259.005265	656.738844
0.0000020600	37596.636242	649.939962
0.0000020700	36923.396772	642.876909
0.0000020800	36237.668021	635.508640
0.0000020900	35536.879907	627.829489
0.0000021000	34816.727881	619.862311
0.0000021100	34076.133104	611.635764
0.0000021200	33321.276421	603.159679
0.0000021300	32562.192659	594.412333
0.0000021400	31790.349049	585.346174
0.0000021500	31002.354133	575.908318
0.0000021600	30202.589925	566.064394
0.0000021700	29393.998464	555.812961
0.0000021800	28577.247330	545.183093
0.0000021900	27749.111960	534.216730
0.0000022000	26914.501260	522.945182
0.0000022100	26076.048537	511.371801
0.0000022200	25226.532267	499.469188
0.0000022300	24362.779151	487.191520
0.0000022400	23488.579948	474.494906
0.0000022500	22610.398030	461.355015
0.0000022600	21727.667202	447.773280
0.0000022700	20839.604250	433.769429
0.0000022800	19947.981801	419.365274
0.0000022900	19049.420355	404.568976
0.0000023000	18141.312809	389.368162
0.0000023100	17227.306944	373.735070
0.0000023200	16300.464906	357.640327
0.0000023300	15363.845506	341.067510
0.0000023400	14424.938548	324.020597
0.0000023500	13479.439487	306.520652
0.0000023600	12527.631990	288.594082
0.0000023700	11569.451692	270.259264
0.0000023800	10608.174420	251.518922
0.0000023900	9646.023366	232.362130
0.0000024000	8680.223387	212.774313
0.0000024100	7711.159540	192.749200
0.0000024200	6738.266770	172.295874
0.0000024300	5761.198187	151.437191
0.0000024400	4784.592127	130.201192
0.0000024500	3805.942873	108.611573
0.0000024600	2822.886544	86.684274
0.0000024700	1839.432057	64.434077
0.0000024800	857.712034	41.889342
0.0000024900	-122.658581	19.107825
0.0000025000	-1102.631039	-3.815222
0.0000025100	-2083.426015	-26.752553
0.0000025200	-3063.385371	-49.563720
0.0000025300	-4041.905892	-72.120317
0.0000025400	-5018.447585	-94.327483
0.0000025500	-5993.704237	-116.132914
0.0000025600	-6968.331470	-137.520395
0.0000025700	-7939.707935	-158.491953
0.0000025800	-8912.291974	-179.047700
0.0000025900	-9884.709118	-199.172896
0.0000026000	-10853.399869	-218.837471
0.0000026100	-11812.067752	-238.006683
0.0000026200	-12760.829539	-256.655978
0.0000026300	-13706.456191	-274.781492
0.0000026400	-14648.818973	-292.400443
0.0000026500	-15588.971667	-309.541506
0.0000026600	-16510.338604	-326.230721
0.0000026700	-17415.734232	-342.480817
0.0000026800	-18312.958228	-358.289702
0.0000026900	-19205.659518	-373.648626
0.0000027000	-20098.861494	-388.555007
0.0000027100	-20984.161263	-403.022189
0.0000027200	-21863.679487	-417.079968
0.0000027300	-22742.850818	-430.764842
0.0000027400	-23616.881982	-444.104713
0.0000027500	-24479.284547	-457.106220
0.0000027600	-25331.305391	-469.751882
0.0000027700	-26176.631603	-482.009374
0.0000027800	-27014.813759	-493.848903
0.0000027900	-27845.684964	-505.260305
0.0000028000	-28669.219015	-516.261344
0.0000028100	-29482.705137	-526.893037
0.0000028200	-30285.629541	-537.204339
0.0000028300	-31080.767370	-547.233859
0.0000028400	-31865.997960	-556.997635
0.0000028500	-32637.711694	-566.488675
0.0000028600	-33397.051779	-575.687693
0.0000028700	-34144.930159	-584.578688
0.0000028800	-34878.404799	-593.160638
0.0000028900	-35596.139391	-601.449045
0.0000029000	-36300.562185	-609.466880
0.0000029100	-36991.030660	-617.230592
0.0000029200	-37670.243631	-624.739786
0.0000029300	-38336.196069	-631.977317
0.0000029400	-38988.516019	-638.920762
0.0000029500	-39627.806697	-645.559576
0.0000029600	-40254.016838	-651.908398
0.0000029700	-40869.267105	-658.008237
0.0000029800	-41470.961210	-663.913182
0.0000029900	-42053.535767	-669.667980
0.0000030000	-42614.549426	-675.287193
0.0000030100	-43157.857313	-680.746800
0.0000030200	-43691.194739	-685.993538
0.0000030300	-44215.743073	-690.968749
0.0000030400	-44721.852543	-695.636065
0.0000030500	-45210.127508	-699.999922
0.0000030600	-45683.369313	-704.105898
0.0000030700	-46143.492419	-708.022372
0.0000030800	-46588.645587	-711.811981
0.0000030900	-47011.017183	-715.506193
0.0000031000	-47412.329710	-719.094759
0.0000031100	-47799.521022	-722.534534
0.0000031200	-48174.518682	-725.772793
0.0000031300	-48532.375622	-728.773443
0.0000031400	-48877.036394	-731.533583
0.0000031500	-49205.481494	-734.083132
0.0000031600	-49517.197133	-736.468872
0.0000031700	-49811.823316	-738.731802
0.0000031800	-50078.707756	-740.889432
0.0000031900	-50321.860515	-742.931353
0.0000032000	-50548.515074	-744.829061
0.0000032100	-50758.131443	-746.553607
0.0000032200	-50946.958167	-748.091045
0.0000032300	-51117.256600	-749.447672
0.0000032400	-51273.331290	-750.643305
0.0000032500	-51407.947610	-751.697770
0.0000032600	-51517.623533	-752.619443
0.0000032700	-51608.835531	-753.403099
0.0000032800	-51683.099909	-754.038313
0.0000032900	-51740.750456	-754.522900
0.0000033000	-51785.847357	-754.872181
0.0000033100	-51816.360519	-755.116772
0.0000033200	-51830.028590	-755.288249
