Tiempo (s)	 Campo (A/m)	 Magnetizacion (A/m)
0.000000e+00	-5.177259e+04	-8.927134e+02
1.000000e-08	-5.176920e+04	-8.922724e+02
2.000000e-08	-5.175196e+04	-8.913362e+02
3.000000e-08	-5.172060e+04	-8.913901e+02
4.000000e-08	-5.167570e+04	-8.926332e+02
5.000000e-08	-5.161813e+04	-8.933926e+02
6.000000e-08	-5.154808e+04	-8.920534e+02
7.000000e-08	-5.146440e+04	-8.892819e+02
8.000000e-08	-5.136489e+04	-8.876407e+02
9.000000e-08	-5.124746e+04	-8.887479e+02
1.000000e-07	-5.111184e+04	-8.912748e+02
1.100000e-07	-5.096033e+04	-8.923036e+02
1.200000e-07	-5.079679e+04	-8.906235e+02
1.300000e-07	-5.062404e+04	-8.881702e+02
1.400000e-07	-5.044191e+04	-8.879357e+02
1.500000e-07	-5.024769e+04	-8.907629e+02
1.600000e-07	-5.003895e+04	-8.946062e+02
1.700000e-07	-4.981592e+04	-8.968435e+02
1.800000e-07	-4.958116e+04	-8.968036e+02
1.900000e-07	-4.933673e+04	-8.958284e+02
2.000000e-07	-4.908183e+04	-8.953436e+02
2.100000e-07	-4.881346e+04	-8.955119e+02
2.200000e-07	-4.852928e+04	-8.957679e+02
2.300000e-07	-4.822970e+04	-8.959633e+02
2.400000e-07	-4.791704e+04	-8.963790e+02
2.500000e-07	-4.759293e+04	-8.968047e+02
2.600000e-07	-4.725678e+04	-8.963206e+02
2.700000e-07	-4.690667e+04	-8.943696e+02
2.800000e-07	-4.654137e+04	-8.917046e+02
2.900000e-07	-4.616128e+04	-8.897194e+02
3.000000e-07	-4.576763e+04	-8.887600e+02
3.100000e-07	-4.536127e+04	-8.875020e+02
3.200000e-07	-4.494236e+04	-8.843119e+02
3.300000e-07	-4.451091e+04	-8.790719e+02
3.400000e-07	-4.406721e+04	-8.733344e+02
3.500000e-07	-4.361169e+04	-8.686715e+02
3.600000e-07	-4.314475e+04	-8.651809e+02
3.700000e-07	-4.266672e+04	-8.617687e+02
3.800000e-07	-4.217797e+04	-8.576061e+02
3.900000e-07	-4.167850e+04	-8.529055e+02
4.000000e-07	-4.116762e+04	-8.482749e+02
4.100000e-07	-4.064421e+04	-8.437546e+02
4.200000e-07	-4.010757e+04	-8.388410e+02
4.300000e-07	-3.955801e+04	-8.333103e+02
4.400000e-07	-3.899649e+04	-8.275888e+02
4.500000e-07	-3.842381e+04	-8.221438e+02
4.600000e-07	-3.784052e+04	-8.167767e+02
4.700000e-07	-3.724742e+04	-8.108347e+02
4.800000e-07	-3.664583e+04	-8.040884e+02
4.900000e-07	-3.603679e+04	-7.970950e+02
5.000000e-07	-3.541996e+04	-7.905379e+02
5.100000e-07	-3.479373e+04	-7.843776e+02
5.200000e-07	-3.415678e+04	-7.778909e+02
5.300000e-07	-3.350948e+04	-7.705275e+02
5.400000e-07	-3.285357e+04	-7.625030e+02
5.500000e-07	-3.219049e+04	-7.544491e+02
5.600000e-07	-3.152013e+04	-7.466424e+02
5.700000e-07	-3.084133e+04	-7.387786e+02
5.800000e-07	-3.015334e+04	-7.304551e+02
5.900000e-07	-2.945648e+04	-7.216438e+02
6.000000e-07	-2.875161e+04	-7.125806e+02
6.100000e-07	-2.803931e+04	-7.033528e+02
6.200000e-07	-2.731991e+04	-6.938135e+02
6.300000e-07	-2.659385e+04	-6.838932e+02
6.400000e-07	-2.586150e+04	-6.737832e+02
6.500000e-07	-2.512251e+04	-6.636755e+02
6.600000e-07	-2.437573e+04	-6.534241e+02
6.700000e-07	-2.362034e+04	-6.426472e+02
6.800000e-07	-2.285706e+04	-6.311894e+02
6.900000e-07	-2.208781e+04	-6.193373e+02
7.000000e-07	-2.131411e+04	-6.074795e+02
7.100000e-07	-2.053589e+04	-5.956277e+02
7.200000e-07	-1.975233e+04	-5.834004e+02
7.300000e-07	-1.896353e+04	-5.704764e+02
7.400000e-07	-1.817092e+04	-5.569418e+02
7.500000e-07	-1.737564e+04	-5.431305e+02
7.600000e-07	-1.657682e+04	-5.292149e+02
7.700000e-07	-1.577183e+04	-5.150645e+02
7.800000e-07	-1.495873e+04	-5.004782e+02
7.900000e-07	-1.413816e+04	-4.854186e+02
8.000000e-07	-1.331289e+04	-4.699575e+02
8.100000e-07	-1.248545e+04	-4.540968e+02
8.200000e-07	-1.165643e+04	-4.377684e+02
8.300000e-07	-1.082472e+04	-4.209969e+02
8.400000e-07	-9.989135e+03	-4.039273e+02
8.500000e-07	-9.149546e+03	-3.866196e+02
8.600000e-07	-8.306756e+03	-3.688929e+02
8.700000e-07	-7.461809e+03	-3.504853e+02
8.800000e-07	-6.615556e+03	-3.313673e+02
8.900000e-07	-5.768550e+03	-3.117953e+02
9.000000e-07	-4.920960e+03	-2.920060e+02
9.100000e-07	-4.072512e+03	-2.719263e+02
9.200000e-07	-3.222776e+03	-2.512674e+02
9.300000e-07	-2.371686e+03	-2.298808e+02
9.400000e-07	-1.519747e+03	-2.079244e+02
9.500000e-07	-6.676309e+02	-1.856455e+02
9.600000e-07	1.843551e+02	-1.630823e+02
9.700000e-07	1.036314e+03	-1.400582e+02
9.800000e-07	1.888352e+03	-1.164324e+02
9.900000e-07	2.740319e+03	-9.224815e+01
1.000000e-06	3.591961e+03	-6.761232e+01
1.010000e-06	4.443029e+03	-4.253001e+01
1.020000e-06	5.293004e+03	-1.696143e+01
1.030000e-06	6.140863e+03	8.987370e+00
1.040000e-06	6.985576e+03	3.504813e+01
1.050000e-06	7.827082e+03	6.101651e+01
1.060000e-06	8.666541e+03	8.692474e+01
1.070000e-06	9.505198e+03	1.129038e+02
1.080000e-06	1.034294e+04	1.388914e+02
1.090000e-06	1.117823e+04	1.645705e+02
1.100000e-06	1.200971e+04	1.896365e+02
1.110000e-06	1.283747e+04	2.140700e+02
1.120000e-06	1.366241e+04	2.380769e+02
1.130000e-06	1.448419e+04	2.617847e+02
1.140000e-06	1.530062e+04	2.850704e+02
1.150000e-06	1.610936e+04	3.077068e+02
1.160000e-06	1.691054e+04	3.296072e+02
1.170000e-06	1.770691e+04	3.508711e+02
1.180000e-06	1.850130e+04	3.716234e+02
1.190000e-06	1.929376e+04	3.918855e+02
1.200000e-06	2.008174e+04	4.116074e+02
1.210000e-06	2.086279e+04	4.307469e+02
1.220000e-06	2.163688e+04	4.492610e+02
1.230000e-06	2.240588e+04	4.670666e+02
1.240000e-06	2.317101e+04	4.840982e+02
1.250000e-06	2.393136e+04	5.004189e+02
1.260000e-06	2.468474e+04	5.162095e+02
1.270000e-06	2.542975e+04	5.316016e+02
1.280000e-06	2.616666e+04	5.465621e+02
1.290000e-06	2.689651e+04	5.609933e+02
1.300000e-06	2.761986e+04	5.749155e+02
1.310000e-06	2.833632e+04	5.884596e+02
1.320000e-06	2.904499e+04	6.016581e+02
1.330000e-06	2.974496e+04	6.143375e+02
1.340000e-06	3.043563e+04	6.263164e+02
1.350000e-06	3.111704e+04	6.376889e+02
1.360000e-06	3.179012e+04	6.487961e+02
1.370000e-06	3.245618e+04	6.598625e+02
1.380000e-06	3.311563e+04	6.707325e+02
1.390000e-06	3.376707e+04	6.810585e+02
1.400000e-06	3.440810e+04	6.907261e+02
1.410000e-06	3.503740e+04	6.999881e+02
1.420000e-06	3.565591e+04	7.091409e+02
1.430000e-06	3.626588e+04	7.181659e+02
1.440000e-06	3.686855e+04	7.267902e+02
1.450000e-06	3.746310e+04	7.348662e+02
1.460000e-06	3.804776e+04	7.425623e+02
1.470000e-06	3.862158e+04	7.501347e+02
1.480000e-06	3.918486e+04	7.576202e+02
1.490000e-06	3.973796e+04	7.648680e+02
1.500000e-06	4.028018e+04	7.718275e+02
1.510000e-06	4.081034e+04	7.786443e+02
1.520000e-06	4.132816e+04	7.854072e+02
1.530000e-06	4.183467e+04	7.919184e+02
1.540000e-06	4.233108e+04	7.978697e+02
1.550000e-06	4.281739e+04	8.032356e+02
1.560000e-06	4.329241e+04	8.083523e+02
1.570000e-06	4.375519e+04	8.135384e+02
1.580000e-06	4.420601e+04	8.187408e+02
1.590000e-06	4.464591e+04	8.236760e+02
1.600000e-06	4.507544e+04	8.282763e+02
1.610000e-06	4.549391e+04	8.328156e+02
1.620000e-06	4.589997e+04	8.375195e+02
1.630000e-06	4.629251e+04	8.421816e+02
1.640000e-06	4.667111e+04	8.463395e+02
1.650000e-06	4.703568e+04	8.498256e+02
1.660000e-06	4.738622e+04	8.529859e+02
1.670000e-06	4.772284e+04	8.562770e+02
1.680000e-06	4.804596e+04	8.597604e+02
1.690000e-06	4.835613e+04	8.631300e+02
1.700000e-06	4.865376e+04	8.661807e+02
1.710000e-06	4.893899e+04	8.690496e+02
1.720000e-06	4.921171e+04	8.719242e+02
1.730000e-06	4.947174e+04	8.746846e+02
1.740000e-06	4.971890e+04	8.770376e+02
1.750000e-06	4.995319e+04	8.789694e+02
1.760000e-06	5.017483e+04	8.808414e+02
1.770000e-06	5.038410e+04	8.829328e+02
1.780000e-06	5.058081e+04	8.850498e+02
1.790000e-06	5.076409e+04	8.867905e+02
1.800000e-06	5.093292e+04	8.881421e+02
1.810000e-06	5.108715e+04	8.895581e+02
1.820000e-06	5.122778e+04	8.913333e+02
1.830000e-06	5.135601e+04	8.931119e+02
1.840000e-06	5.147187e+04	8.942752e+02
1.850000e-06	5.157403e+04	8.947695e+02
1.860000e-06	5.166111e+04	8.952433e+02
1.870000e-06	5.173300e+04	8.962156e+02
1.880000e-06	5.179080e+04	8.973513e+02
1.890000e-06	5.183532e+04	8.978846e+02
1.900000e-06	5.186618e+04	8.977069e+02
1.910000e-06	5.188259e+04	8.976251e+02
1.920000e-06	5.188480e+04	8.982999e+02
1.930000e-06	5.187429e+04	8.992137e+02
1.940000e-06	5.185227e+04	8.991782e+02
1.950000e-06	5.181840e+04	8.979334e+02
1.960000e-06	5.177141e+04	8.967606e+02
1.970000e-06	5.171098e+04	8.970625e+02
1.980000e-06	5.163835e+04	8.984891e+02
1.990000e-06	5.155432e+04	8.990459e+02
2.000000e-06	5.145673e+04	8.973346e+02
2.010000e-06	5.134062e+04	8.943169e+02
2.020000e-06	5.120191e+04	8.923203e+02
2.030000e-06	5.104150e+04	8.922903e+02
2.040000e-06	5.086582e+04	8.925672e+02
2.050000e-06	5.068279e+04	8.907866e+02
2.060000e-06	5.049636e+04	8.867428e+02
2.070000e-06	5.030408e+04	8.828051e+02
2.080000e-06	5.009950e+04	8.813405e+02
2.090000e-06	4.987701e+04	8.821535e+02
2.100000e-06	4.963551e+04	8.829012e+02
2.110000e-06	4.937842e+04	8.818668e+02
2.120000e-06	4.911059e+04	8.797547e+02
2.130000e-06	4.883464e+04	8.785216e+02
2.140000e-06	4.854931e+04	8.788773e+02
2.150000e-06	4.825063e+04	8.795260e+02
2.160000e-06	4.793510e+04	8.788958e+02
2.170000e-06	4.760236e+04	8.770660e+02
2.180000e-06	4.725542e+04	8.755580e+02
2.190000e-06	4.689826e+04	8.754157e+02
2.200000e-06	4.653264e+04	8.760078e+02
2.210000e-06	4.615685e+04	8.758936e+02
2.220000e-06	4.576732e+04	8.745161e+02
2.230000e-06	4.536173e+04	8.726720e+02
2.240000e-06	4.494081e+04	8.714037e+02
2.250000e-06	4.450749e+04	8.708261e+02
2.260000e-06	4.406425e+04	8.701802e+02
2.270000e-06	4.361112e+04	8.687351e+02
2.280000e-06	4.314587e+04	8.663052e+02
2.290000e-06	4.266628e+04	8.629887e+02
2.300000e-06	4.217214e+04	8.588364e+02
2.310000e-06	4.166547e+04	8.540044e+02
2.320000e-06	4.114882e+04	8.489873e+02
2.330000e-06	4.062319e+04	8.443110e+02
2.340000e-06	4.008750e+04	8.399302e+02
2.350000e-06	3.953989e+04	8.351925e+02
2.360000e-06	3.897964e+04	8.295876e+02
2.370000e-06	3.840777e+04	8.233962e+02
2.380000e-06	3.782602e+04	8.173688e+02
2.390000e-06	3.723516e+04	8.117874e+02
2.400000e-06	3.663455e+04	8.060966e+02
2.410000e-06	3.602319e+04	7.995926e+02
2.420000e-06	3.540111e+04	7.922989e+02
2.430000e-06	3.476959e+04	7.849226e+02
2.440000e-06	3.413006e+04	7.779724e+02
2.450000e-06	3.348293e+04	7.711765e+02
2.460000e-06	3.282758e+04	7.638988e+02
2.470000e-06	3.216320e+04	7.559444e+02
2.480000e-06	3.148962e+04	7.477060e+02
2.490000e-06	3.080717e+04	7.395434e+02
2.500000e-06	3.011630e+04	7.312928e+02
2.510000e-06	2.941742e+04	7.225493e+02
2.520000e-06	2.871125e+04	7.132675e+02
2.530000e-06	2.799864e+04	7.038179e+02
2.540000e-06	2.727986e+04	6.944378e+02
2.550000e-06	2.655400e+04	6.848733e+02
2.560000e-06	2.581946e+04	6.747319e+02
2.570000e-06	2.507548e+04	6.640548e+02
2.580000e-06	2.432324e+04	6.532911e+02
2.590000e-06	2.356530e+04	6.426794e+02
2.600000e-06	2.280386e+04	6.318773e+02
2.610000e-06	2.203925e+04	6.203660e+02
2.620000e-06	2.127001e+04	6.081099e+02
2.630000e-06	2.049423e+04	5.955935e+02
2.640000e-06	1.971101e+04	5.831856e+02
2.650000e-06	1.892090e+04	5.706718e+02
2.660000e-06	1.812525e+04	5.575603e+02
2.670000e-06	1.732512e+04	5.437271e+02
2.680000e-06	1.652062e+04	5.295368e+02
2.690000e-06	1.571118e+04	5.153116e+02
2.700000e-06	1.489646e+04	5.008982e+02
2.710000e-06	1.407712e+04	4.859126e+02
2.720000e-06	1.325466e+04	4.702903e+02
2.730000e-06	1.243025e+04	4.543569e+02
2.740000e-06	1.160350e+04	4.383268e+02
2.750000e-06	1.077263e+04	4.219513e+02
2.760000e-06	9.935963e+03	4.048371e+02
2.770000e-06	9.093567e+03	3.870088e+02
2.780000e-06	8.247298e+03	3.689160e+02
2.790000e-06	7.399282e+03	3.508303e+02
2.800000e-06	6.550376e+03	3.324325e+02
2.810000e-06	5.700156e+03	3.131721e+02
2.820000e-06	4.848192e+03	2.929543e+02
2.830000e-06	3.995023e+03	2.722516e+02
2.840000e-06	3.141763e+03	2.514866e+02
2.850000e-06	2.289006e+03	2.304958e+02
2.860000e-06	1.436442e+03	2.087727e+02
2.870000e-06	5.835584e+02	1.861506e+02
2.880000e-06	-2.695932e+02	1.630154e+02
2.890000e-06	-1.122519e+03	1.397827e+02
2.900000e-06	-1.974988e+03	1.163574e+02
2.910000e-06	-2.827248e+03	9.229546e+01
2.920000e-06	-3.679467e+03	6.742671e+01
2.930000e-06	-4.531256e+03	4.208668e+01
2.940000e-06	-5.382015e+03	1.666032e+01
2.950000e-06	-6.231642e+03	-8.914437e+00
2.960000e-06	-7.080491e+03	-3.498881e+01
2.970000e-06	-7.928414e+03	-6.160084e+01
2.980000e-06	-8.774068e+03	-8.825331e+01
2.990000e-06	-9.615467e+03	-1.143861e+02
3.000000e-06	-1.045134e+04	-1.399245e+02
3.010000e-06	-1.128182e+04	-1.651947e+02
3.020000e-06	-1.210781e+04	-1.903588e+02
3.030000e-06	-1.292999e+04	-2.151500e+02
3.040000e-06	-1.374859e+04	-2.392420e+02
3.050000e-06	-1.456378e+04	-2.627006e+02
3.060000e-06	-1.537570e+04	-2.858634e+02
3.070000e-06	-1.618379e+04	-3.088079e+02
3.080000e-06	-1.698656e+04	-3.311575e+02
3.090000e-06	-1.778255e+04	-3.525208e+02
3.100000e-06	-1.857190e+04	-3.729802e+02
3.110000e-06	-1.935643e+04	-3.929603e+02
3.120000e-06	-2.013784e+04	-4.126487e+02
3.130000e-06	-2.091579e+04	-4.317578e+02
3.140000e-06	-2.168814e+04	-4.499526e+02
3.150000e-06	-2.245326e+04	-4.673568e+02
3.160000e-06	-2.321174e+04	-4.844289e+02
3.170000e-06	-2.396550e+04	-5.013558e+02
3.180000e-06	-2.471518e+04	-5.177804e+02
3.190000e-06	-2.545880e+04	-5.332443e+02
3.200000e-06	-2.619342e+04	-5.477718e+02
3.210000e-06	-2.691785e+04	-5.618307e+02
3.220000e-06	-2.763373e+04	-5.757413e+02
3.230000e-06	-2.834371e+04	-5.893271e+02
3.240000e-06	-2.904894e+04	-6.022484e+02
3.250000e-06	-2.974830e+04	-6.145249e+02
3.260000e-06	-3.043975e+04	-6.265217e+02
3.270000e-06	-3.112208e+04	-6.384341e+02
3.280000e-06	-3.179535e+04	-6.500067e+02
3.290000e-06	-3.246010e+04	-6.608856e+02
3.300000e-06	-3.311646e+04	-6.711123e+02
3.310000e-06	-3.376403e+04	-6.810640e+02
3.320000e-06	-3.440220e+04	-6.909213e+02
3.330000e-06	-3.503053e+04	-7.004165e+02
3.340000e-06	-3.564898e+04	-7.092373e+02
3.350000e-06	-3.625810e+04	-7.175336e+02
3.360000e-06	-3.685877e+04	-7.257951e+02
3.370000e-06	-3.745139e+04	-7.342193e+02
3.380000e-06	-3.803513e+04	-7.424214e+02
3.390000e-06	-3.860818e+04	-7.499126e+02
3.400000e-06	-3.916906e+04	-7.567432e+02
3.410000e-06	-3.971779e+04	-7.634536e+02
3.420000e-06	-4.025556e+04	-7.703848e+02
3.430000e-06	-4.078328e+04	-7.772550e+02
3.440000e-06	-4.130048e+04	-7.835580e+02
3.450000e-06	-4.180583e+04	-7.892394e+02
3.460000e-06	-4.229873e+04	-7.947459e+02
3.470000e-06	-4.277997e+04	-8.004032e+02
3.480000e-06	-4.325087e+04	-8.059871e+02
3.490000e-06	-4.371188e+04	-8.110708e+02
3.500000e-06	-4.416218e+04	-8.156483e+02
3.510000e-06	-4.460064e+04	-8.201554e+02
3.520000e-06	-4.502678e+04	-8.248514e+02
3.530000e-06	-4.544062e+04	-8.294404e+02
3.540000e-06	-4.584191e+04	-8.334922e+02
3.550000e-06	-4.622975e+04	-8.370981e+02
3.560000e-06	-4.660325e+04	-8.408171e+02
3.570000e-06	-4.696236e+04	-8.449245e+02
3.580000e-06	-4.730789e+04	-8.489711e+02
3.590000e-06	-4.764071e+04	-8.523117e+02
3.600000e-06	-4.796127e+04	-8.549515e+02
3.610000e-06	-4.826968e+04	-8.575765e+02
3.620000e-06	-4.856624e+04	-8.606814e+02
3.630000e-06	-4.885138e+04	-8.639287e+02
3.640000e-06	-4.912510e+04	-8.666042e+02
3.650000e-06	-4.938660e+04	-8.685820e+02
3.660000e-06	-4.963466e+04	-8.705094e+02
3.670000e-06	-4.986849e+04	-8.729490e+02
3.680000e-06	-5.008818e+04	-8.756199e+02
3.690000e-06	-5.029440e+04	-8.777664e+02
3.700000e-06	-5.048762e+04	-8.791698e+02
3.710000e-06	-5.066771e+04	-8.804367e+02
3.720000e-06	-5.083407e+04	-8.821669e+02
3.730000e-06	-5.098631e+04	-8.841320e+02
3.740000e-06	-5.112462e+04	-8.856011e+02
3.750000e-06	-5.124969e+04	-8.863809e+02
3.760000e-06	-5.136205e+04	-8.871209e+02
3.770000e-06	-5.146154e+04	-8.884111e+02
3.780000e-06	-5.154732e+04	-8.898925e+02
3.790000e-06	-5.161852e+04	-8.906640e+02
3.800000e-06	-5.167504e+04	-8.905240e+02
3.810000e-06	-5.171770e+04	-8.903501e+02
3.820000e-06	-5.174761e+04	-8.909906e+02
3.830000e-06	-5.176520e+04	-8.920862e+02
