Tiempo_(s)	Campo_(A/m)	Magnetizacion_(A/m)
0.0000000000	-51816.519910	-744.607503
0.0000000100	-51807.723048	-744.261163
0.0000000200	-51777.436766	-743.687716
0.0000000300	-51726.860798	-742.957042
0.0000000400	-51658.331578	-742.166212
0.0000000500	-51577.342449	-741.411370
0.0000000600	-51479.936322	-740.750666
0.0000000700	-51370.406808	-740.173927
0.0000000800	-51245.554258	-739.595493
0.0000000900	-51095.170801	-738.879355
0.0000001000	-50920.982858	-737.892624
0.0000001100	-50718.128470	-736.569837
0.0000001200	-50485.786084	-734.962810
0.0000001300	-50232.480969	-733.253035
0.0000001400	-49963.075087	-731.715886
0.0000001500	-49684.513633	-730.643900
0.0000001600	-49397.007069	-730.252883
0.0000001700	-49084.389439	-730.602736
0.0000001800	-48745.694998	-731.560994
0.0000001900	-48395.635689	-732.822581
0.0000002000	-48023.791022	-733.979622
0.0000002100	-47638.561283	-734.618292
0.0000002200	-47247.669401	-734.411696
0.0000002300	-46828.741376	-733.181434
0.0000002400	-46388.598501	-730.913484
0.0000002500	-45941.657860	-727.730607
0.0000002600	-45488.718555	-723.837034
0.0000002700	-45019.235113	-719.457024
0.0000002800	-44532.219340	-714.785928
0.0000002900	-44034.153852	-709.963400
0.0000003000	-43516.471719	-705.068088
0.0000003100	-42983.404600	-700.126035
0.0000003200	-42437.897863	-695.123391
0.0000003300	-41872.648420	-690.017183
0.0000003400	-41287.972503	-684.743132
0.0000003500	-40684.037832	-679.223322
0.0000003600	-40064.507714	-673.377189
0.0000003700	-39434.980183	-667.136594
0.0000003800	-38794.696718	-660.461864
0.0000003900	-38138.080655	-653.353061
0.0000004000	-37467.552829	-645.851093
0.0000004100	-36787.616233	-638.026739
0.0000004200	-36095.367157	-629.960419
0.0000004300	-35392.215797	-621.719343
0.0000004400	-34680.729337	-613.339668
0.0000004500	-33962.508142	-604.819017
0.0000004600	-33236.750950	-596.120527
0.0000004700	-32485.357080	-587.185359
0.0000004800	-31707.128958	-577.948294
0.0000004900	-30914.757242	-568.351327
0.0000005000	-30113.713906	-558.352399
0.0000005100	-29309.218803	-547.929080
0.0000005200	-28496.494370	-537.078749
0.0000005300	-27673.562064	-525.816841
0.0000005400	-26838.253170	-514.173629
0.0000005500	-25990.568767	-502.188876
0.0000005600	-25136.907070	-489.903639
0.0000005700	-24277.941121	-477.349745
0.0000005800	-23408.808960	-464.539445
0.0000005900	-22524.817424	-451.458980
0.0000006000	-21633.186279	-438.069378
0.0000006100	-20739.092639	-424.315387
0.0000006200	-19842.957424	-410.140117
0.0000006300	-18945.453676	-395.500254
0.0000006400	-18039.783630	-380.376167
0.0000006500	-17127.862799	-364.773307
0.0000006600	-16211.058637	-348.715107
0.0000006700	-15293.160512	-332.231328
0.0000006800	-14366.926209	-315.347594
0.0000006900	-13418.024124	-298.080777
0.0000007000	-12458.599014	-280.441434
0.0000007100	-11494.479663	-262.440545
0.0000007200	-10526.067782	-244.095332
0.0000007300	-9552.562109	-225.429417
0.0000007400	-8568.953253	-206.465839
0.0000007500	-7585.239707	-187.215776
0.0000007600	-6603.209844	-167.669105
0.0000007700	-5619.980249	-147.793092
0.0000007800	-4635.066970	-127.542472
0.0000007900	-3648.027716	-106.879026
0.0000008000	-2660.504511	-85.794057
0.0000008100	-1672.981306	-64.325125
0.0000008200	-685.458100	-42.560105
0.0000008300	300.086560	-20.626438
0.0000008400	1286.136542	1.330902
0.0000008500	2275.638292	23.175036
0.0000008600	3264.782151	44.797956
0.0000008700	4253.926010	66.130573
0.0000008800	5242.438487	87.140826
0.0000008900	6229.961692	107.822994
0.0000009000	7215.779844	128.183699
0.0000009100	8199.135499	148.229662
0.0000009200	9180.302150	167.959895
0.0000009300	10157.448682	187.362274
0.0000009400	11131.796197	206.412903
0.0000009500	12102.228283	225.076848
0.0000009600	13062.431127	243.310279
0.0000009700	14010.658013	261.065235
0.0000009800	14941.752119	278.298151
0.0000009900	15862.618061	294.981493
0.0000010000	16779.716005	311.115292
0.0000010100	17688.984171	326.733664
0.0000010200	18592.233382	341.901901
0.0000010300	19489.967881	356.702765
0.0000010400	20385.113824	371.215125
0.0000010500	21279.628385	385.491900
0.0000010600	22170.943299	399.545459
0.0000010700	23057.754143	413.346275
0.0000010800	23936.082458	426.835481
0.0000010900	24800.729762	439.946419
0.0000011000	25655.274961	452.626719
0.0000011100	26502.179474	464.852655
0.0000011200	27337.949871	476.631400
0.0000011300	28162.397061	487.992371
0.0000011400	28977.814741	498.973482
0.0000011500	29785.844934	509.609549
0.0000011600	30590.781249	519.927787
0.0000011700	31386.792745	529.950651
0.0000011800	32167.734406	539.701796
0.0000011900	32929.228222	549.209133
0.0000012000	33672.242096	558.500832
0.0000012100	34402.817431	567.594702
0.0000012200	35123.542783	576.486188
0.0000012300	35839.764065	585.142403
0.0000012400	36540.493512	593.507866
0.0000012500	37223.059246	601.522268
0.0000012600	37895.522877	609.144409
0.0000012700	38558.030755	616.372389
0.0000012800	39209.131027	623.250581
0.0000012900	39848.023511	629.858994
0.0000013000	40476.476292	636.288101
0.0000013100	41093.184945	642.608745
0.0000013200	41696.865337	648.849150
0.0000013300	42288.400973	654.988146
0.0000013400	42858.825370	660.966835
0.0000013500	43403.761599	666.713154
0.0000013600	43932.323569	672.168749
0.0000013700	44445.289013	677.307426
0.0000013800	44940.468928	682.139020
0.0000013900	45424.473066	686.699434
0.0000014000	45893.407369	691.033451
0.0000014100	46345.293293	695.179073
0.0000014200	46788.171076	699.159824
0.0000014300	47214.231231	702.986328
0.0000014400	47616.739022	706.663335
0.0000014500	48001.841622	710.195960
0.0000014600	48378.209572	713.590314
0.0000014700	48736.328331	716.847936
0.0000014800	49067.316898	719.957911
0.0000014900	49378.479438	722.892768
0.0000015000	49677.518591	725.612699
0.0000015100	49962.392781	728.078290
0.0000015200	50229.461149	730.266939
0.0000015300	50478.680957	732.185428
0.0000015400	50698.580489	733.872184
0.0000015500	50888.845672	735.387278
0.0000015600	51062.842366	736.793937
0.0000015700	51225.957066	738.139292
0.0000015800	51372.065048	739.442240
0.0000015900	51497.904712	740.692623
0.0000016000	51601.749635	741.860293
0.0000016100	51687.851768	742.908160
0.0000016200	51765.872001	743.802286
0.0000016300	51828.905722	744.514981
0.0000016400	51868.408447	745.021980
0.0000016500	51884.801100	745.299040
0.0000016600	51882.967010	745.323994
0.0000016700	51865.894286	745.086827
0.0000016800	51827.037282	744.604238
0.0000016900	51774.647775	743.930087
0.0000017000	51711.018383	743.152308
0.0000017100	51627.351425	742.371762
0.0000017200	51532.740522	741.667393
0.0000017300	51433.562517	741.060867
0.0000017400	51325.775924	740.497751
0.0000017500	51202.055205	739.858456
0.0000017600	51042.132043	739.000980
0.0000017700	50835.526154	737.823410
0.0000017800	50600.001697	736.323173
0.0000017900	50355.322748	734.627714
0.0000018000	50101.529888	732.979567
0.0000018100	49835.635011	731.675102
0.0000018200	49579.675594	730.974307
0.0000018300	49312.157905	731.011366
0.0000018400	48988.022027	731.737200
0.0000018500	48645.936133	732.914706
0.0000018600	48299.933732	734.169110
0.0000018700	47921.138996	735.076810
0.0000018800	47533.169477	735.263784
0.0000018900	47136.084968	734.483248
0.0000019000	46718.836833	732.651817
0.0000019100	46282.435714	729.839260
0.0000019200	45824.692606	726.222556
0.0000019300	45357.120884	722.024443
0.0000019400	44877.215315	717.457324
0.0000019500	44385.817738	712.686504
0.0000019600	43872.424343	707.816322
0.0000019700	43329.670090	702.893866
0.0000019800	42772.751953	697.920867
0.0000019900	42203.562998	692.865740
0.0000020000	41622.376715	687.672478
0.0000020100	41027.951712	682.267919
0.0000020200	40416.667421	676.570997
0.0000020300	39789.387053	670.506225
0.0000020400	39150.531357	664.019930
0.0000020500	38505.676997	657.094321
0.0000020600	37848.088159	649.753450
0.0000020700	37171.788628	642.057354
0.0000020800	36474.967580	634.085144
0.0000020900	35758.592917	625.912332
0.0000021000	35029.317134	617.589981
0.0000021100	34291.391100	609.132375
0.0000021200	33546.329700	600.516285
0.0000021300	32788.281701	591.690428
0.0000021400	32019.415816	582.590440
0.0000021500	31241.815281	573.153841
0.0000021600	30451.291177	563.331017
0.0000021700	29648.285794	553.090940
0.0000021800	28834.293726	542.422630
0.0000021900	28012.304159	531.334086
0.0000022000	27187.578605	519.849729
0.0000022100	26358.117151	508.006085
0.0000022200	25515.500298	495.844846
0.0000022300	24656.382046	483.403148
0.0000022400	23782.931111	470.702740
0.0000022500	22894.115481	457.741389
0.0000022600	21992.061130	444.490291
0.0000022700	21082.408831	430.899617
0.0000022800	20169.031274	416.911213
0.0000022900	19252.559839	402.474293
0.0000023000	18333.204988	387.558355
0.0000023100	17412.208113	372.158530
0.0000023200	16482.539619	356.291829
0.0000023300	15548.388423	339.986785
0.0000023400	14610.048309	323.271775
0.0000023500	13660.805909	306.167513
0.0000023600	12708.680092	288.686584
0.0000023700	11753.502059	270.838891
0.0000023800	10791.210029	252.638551
0.0000023900	9826.897795	234.106900
0.0000024000	8863.722262	215.268470
0.0000024100	7899.978379	196.140947
0.0000024200	6934.192921	176.724093
0.0000024300	5963.650192	156.994313
0.0000024400	4990.750737	136.909762
0.0000024500	4018.419634	116.426424
0.0000024600	3042.110072	95.520373
0.0000024700	2065.969310	74.207994
0.0000024800	1090.544329	52.556071
0.0000024900	117.371384	30.677272
0.0000025000	-851.234461	8.712187
0.0000025100	-1825.439418	-13.195831
0.0000025200	-2803.769185	-34.924461
0.0000025300	-3777.657912	-56.387499
0.0000025400	-4750.641767	-77.537923
0.0000025500	-5724.509124	-98.360379
0.0000025600	-6696.777197	-118.857893
0.0000025700	-7669.971512	-139.038387
0.0000025800	-8642.576106	-158.904822
0.0000025900	-9608.761116	-178.450046
0.0000026000	-10566.569366	-197.655179
0.0000026100	-11522.841363	-216.489857
0.0000026200	-12478.692438	-234.913668
0.0000026300	-13429.239262	-252.879608
0.0000026400	-14370.756575	-270.340939
0.0000026500	-15305.348982	-287.261737
0.0000026600	-16235.037768	-303.629009
0.0000026700	-17157.065575	-319.461995
0.0000026800	-18076.188596	-334.813692
0.0000026900	-18995.396018	-349.761671
0.0000027000	-19910.709380	-364.389319
0.0000027100	-20818.761316	-378.763075
0.0000027200	-21723.109363	-392.913706
0.0000027300	-22622.615739	-406.828858
0.0000027400	-23510.988000	-420.459953
0.0000027500	-24383.132354	-433.740790
0.0000027600	-25236.944197	-446.610510
0.0000027700	-26083.706151	-459.032091
0.0000027800	-26921.438595	-470.999982
0.0000027900	-27747.195082	-482.535620
0.0000028000	-28566.237123	-493.674980
0.0000028100	-29377.470756	-504.455233
0.0000028200	-30180.601121	-514.906878
0.0000028300	-30972.155079	-525.053725
0.0000028400	-31754.511806	-534.918239
0.0000028500	-32532.637953	-544.526538
0.0000028600	-33297.819161	-553.907665
0.0000028700	-34045.741529	-563.085424
0.0000028800	-34783.203902	-572.066097
0.0000028900	-35514.941103	-580.828996
0.0000029000	-36234.997207	-589.326783
0.0000029100	-36936.972919	-597.498445
0.0000029200	-37616.153710	-605.291657
0.0000029300	-38273.677360	-612.685874
0.0000029400	-38920.867076	-619.705898
0.0000029500	-39561.237656	-626.418862
0.0000029600	-40188.242376	-632.914425
0.0000029700	-40798.893129	-639.275337
0.0000029800	-41397.652324	-645.550005
0.0000029900	-41977.089735	-651.738027
0.0000030000	-42538.658294	-657.794213
0.0000030100	-43093.555147	-663.648715
0.0000030200	-43638.348818	-669.234343
0.0000030300	-44164.999067	-674.509735
0.0000030400	-44668.539244	-679.469796
0.0000030500	-45148.190535	-684.141139
0.0000030600	-45613.151252	-688.566940
0.0000030700	-46073.208347	-692.789610
0.0000030800	-46521.520236	-696.839186
0.0000030900	-46949.941990	-700.731144
0.0000031000	-47362.809957	-704.471799
0.0000031100	-47756.945862	-708.065634
0.0000031200	-48135.527980	-711.518701
0.0000031300	-48504.217375	-714.835459
0.0000031400	-48858.552718	-718.011191
0.0000031500	-49187.314413	-721.025554
0.0000031600	-49483.305142	-723.842904
0.0000031700	-49759.849106	-726.421705
0.0000031800	-50019.848932	-728.730206
0.0000031900	-50260.422284	-730.761611
0.0000032000	-50486.641582	-732.541319
0.0000032100	-50696.591312	-734.122040
0.0000032200	-50890.566335	-735.568163
0.0000032300	-51070.775947	-736.935771
0.0000032400	-51231.494975	-738.256652
0.0000032500	-51366.136114	-739.532469
0.0000032600	-51478.972681	-740.740109
0.0000032700	-51579.223279	-741.843907
0.0000032800	-51663.666891	-742.807751
0.0000032900	-51725.252551	-743.601360
0.0000033000	-51766.906414	-744.199537
0.0000033100	-51793.785304	-744.578212
0.0000033200	-51809.277956	-744.713553
