Tiempo_(s)	Campo_(A/m)	Magnetizacion_(A/m)
0.0000000000	-31131.874372	-1023.282229
0.0000000100	-31132.959139	-1023.442442
0.0000000200	-31132.825266	-1023.594934
0.0000000300	-31132.654698	-1023.739591
0.0000000400	-31132.484129	-1023.876273
0.0000000500	-31132.313561	-1024.004810
0.0000000600	-31132.106296	-1024.125009
0.0000000700	-31130.496914	-1024.236650
0.0000000800	-31123.902887	-1024.339486
0.0000000900	-31113.542855	-1024.433246
0.0000001000	-31100.782241	-1024.517636
0.0000001100	-31085.877914	-1024.592334
0.0000001200	-31077.991856	-1024.656998
0.0000001300	-31066.523273	-1024.711262
0.0000001400	-31055.017993	-1024.754736
0.0000001500	-31041.038739	-1024.787013
0.0000001600	-31027.059486	-1024.807661
0.0000001700	-31013.968609	-1024.816229
0.0000001800	-30991.238706	-1024.812249
0.0000001900	-30969.690746	-1024.795233
0.0000002000	-30945.852291	-1024.764677
0.0000002100	-30926.704914	-1024.720059
0.0000002200	-30904.863388	-1024.660844
0.0000002300	-30875.820114	-1024.586481
0.0000002400	-30846.886927	-1024.496407
0.0000002500	-30817.843653	-1024.390046
0.0000002600	-30788.616900	-1024.266811
0.0000002700	-30755.991100	-1024.126107
0.0000002800	-30728.056378	-1023.967327
0.0000002900	-30697.574290	-1023.789860
0.0000003000	-30662.254341	-1023.593084
0.0000003100	-30626.934392	-1023.376376
0.0000003200	-30591.651138	-1023.139107
0.0000003300	-30556.147710	-1022.880646
0.0000003400	-30515.769725	-1022.600358
0.0000003500	-30475.428436	-1022.297610
0.0000003600	-30435.087146	-1021.971768
0.0000003700	-30393.490522	-1021.622201
0.0000003800	-30351.857202	-1021.248280
0.0000003900	-30308.968547	-1020.849382
0.0000004000	-30263.642613	-1020.424886
0.0000004100	-30219.572015	-1019.974180
0.0000004200	-30177.791912	-1019.496660
0.0000004300	-30132.392586	-1018.991729
0.0000004400	-30083.117169	-1018.458801
0.0000004500	-30028.673628	-1017.897300
0.0000004600	-29970.867736	-1017.306662
0.0000004700	-29914.500657	-1016.686337
0.0000004800	-29862.751266	-1016.035787
0.0000004900	-29810.781699	-1015.354490
0.0000005000	-29751.720472	-1014.641941
0.0000005100	-29692.549157	-1013.897648
0.0000005200	-29633.231059	-1013.121140
0.0000005300	-29570.293740	-1012.311962
0.0000005400	-29507.356420	-1011.469680
0.0000005500	-29445.674435	-1010.593876
0.0000005600	-29383.845667	-1009.684158
0.0000005700	-29319.506229	-1008.740149
0.0000005800	-29251.510874	-1007.761497
0.0000005900	-29182.260183	-1006.747871
0.0000006000	-29111.790853	-1005.698963
0.0000006100	-29039.992797	-1004.614488
0.0000006200	-28965.757462	-1003.494183
0.0000006300	-28891.558823	-1002.337810
0.0000006400	-28818.578823	-1001.145153
0.0000006500	-28744.196705	-999.916022
0.0000006600	-28667.267221	-998.650251
0.0000006700	-28587.973850	-997.347695
0.0000006800	-28506.059722	-996.008238
0.0000006900	-28420.526372	-994.631784
0.0000007000	-28333.737687	-993.218263
0.0000007100	-28247.022393	-991.767630
0.0000007200	-28164.146496	-990.279862
0.0000007300	-28082.158976	-988.754959
0.0000007400	-27995.333595	-987.192945
0.0000007500	-27907.289575	-985.593868
0.0000007600	-27819.098772	-983.957795
0.0000007700	-27728.544081	-982.284818
0.0000007800	-27635.515417	-980.575049
0.0000007900	-27543.668696	-978.828621
0.0000008000	-27451.821975	-977.045684
0.0000008100	-27358.646527	-975.226413
0.0000008200	-27262.887018	-973.370996
0.0000008300	-27163.544983	-971.479643
0.0000008400	-27064.202947	-969.552577
0.0000008500	-26963.568881	-967.590039
0.0000008600	-26862.971510	-965.592286
0.0000008700	-26762.374140	-963.559587
0.0000008800	-26660.521435	-961.492225
0.0000008900	-26558.632033	-959.390495
0.0000009000	-26455.523993	-957.254702
0.0000009100	-26352.305865	-955.085161
0.0000009200	-26247.795706	-952.882197
0.0000009300	-26140.921661	-950.646140
0.0000009400	-26034.010919	-948.377327
0.0000009500	-25924.736291	-946.076101
0.0000009600	-25816.606911	-943.742808
0.0000009700	-25709.586082	-941.377795
0.0000009800	-25600.201366	-938.981411
0.0000009900	-25489.561316	-936.554004
0.0000010000	-25377.812713	-934.095923
0.0000010100	-25268.427998	-931.607510
0.0000010200	-25158.896499	-929.089106
0.0000010300	-25047.001113	-926.541043
0.0000010400	-24935.069032	-923.963650
0.0000010500	-24821.734832	-921.357244
0.0000010600	-24703.415988	-918.722135
0.0000010700	-24581.514618	-916.058619
0.0000010800	-24460.978671	-913.366982
0.0000010900	-24342.659827	-910.647495
0.0000011000	-24221.830313	-907.900416
0.0000011100	-24100.002334	-905.125983
0.0000011200	-23979.319603	-902.324420
0.0000011300	-23857.381538	-899.495930
0.0000011400	-23735.443472	-896.640697
0.0000011500	-23613.358623	-893.758884
0.0000011600	-23488.873191	-890.850632
0.0000011700	-23363.169120	-887.916057
0.0000011800	-23236.209714	-884.955252
0.0000011900	-23108.105061	-881.968284
0.0000012000	-22982.254207	-878.955193
0.0000012100	-22855.184713	-875.915994
0.0000012200	-22724.275823	-872.850671
0.0000012300	-22588.308897	-869.759180
0.0000012400	-22448.942924	-866.641447
0.0000012500	-22311.977534	-863.497367
0.0000012600	-22175.048840	-860.326806
0.0000012700	-22039.302088	-857.129595
0.0000012800	-21904.590498	-853.905533
0.0000012900	-21765.041046	-850.654390
0.0000013000	-21623.017619	-847.375897
0.0000013100	-21480.994193	-844.069754
0.0000013200	-21338.970767	-840.735629
0.0000013300	-21196.947341	-837.373152
0.0000013400	-21054.923915	-833.981922
0.0000013500	-20912.900488	-830.561500
0.0000013600	-20770.877062	-827.111416
0.0000013700	-20627.598301	-823.631164
0.0000013800	-20483.064205	-820.120203
0.0000013900	-20339.601964	-816.577959
0.0000014000	-20192.557198	-813.003825
0.0000014100	-20044.293792	-809.397157
0.0000014200	-19898.320882	-805.757283
0.0000014300	-19748.692054	-802.083494
0.0000014400	-19595.370613	-798.375052
0.0000014500	-19443.377898	-794.631186
0.0000014600	-19293.822462	-790.851095
0.0000014700	-19142.974994	-787.033949
0.0000014800	-18989.690249	-783.178886
0.0000014900	-18837.477359	-779.285019
0.0000015000	-18684.119222	-775.351433
0.0000015100	-18528.433894	-771.377187
0.0000015200	-18375.075756	-767.361315
0.0000015300	-18221.754315	-763.302827
0.0000015400	-18068.322786	-759.200711
0.0000015500	-17913.746010	-755.053934
0.0000015600	-17757.913898	-750.861442
0.0000015700	-17600.679669	-746.622165
0.0000015800	-17441.191639	-742.335015
0.0000015900	-17284.214280	-737.998887
0.0000016000	-17128.235386	-733.612665
0.0000016100	-16968.490486	-729.175221
0.0000016200	-16806.381699	-724.685414
0.0000016300	-16644.272913	-720.142098
0.0000016400	-16482.164126	-715.544117
0.0000016500	-16321.310674	-710.890312
0.0000016600	-16160.457223	-706.179521
0.0000016700	-15999.603771	-701.410580
0.0000016800	-15838.750320	-696.582326
0.0000016900	-15676.641533	-691.693599
0.0000017000	-15514.532747	-686.743244
0.0000017100	-15352.423960	-681.730111
0.0000017200	-15188.913055	-676.653061
0.0000017300	-15023.001568	-671.510965
0.0000017400	-14855.871441	-666.302707
0.0000017500	-14688.741314	-661.027184
0.0000017600	-14521.757971	-655.683314
0.0000017700	-14356.844948	-650.270029
0.0000017800	-14187.020672	-644.786287
0.0000017900	-14012.688797	-639.231067
0.0000018000	-13843.084696	-633.603371
0.0000018100	-13674.699235	-627.902233
0.0000018200	-13508.751051	-622.126712
0.0000018300	-13340.182111	-616.275901
0.0000018400	-13166.665221	-610.348926
0.0000018500	-12990.600966	-604.344947
0.0000018600	-12810.880794	-598.263162
0.0000018700	-12629.905286	-592.102809
0.0000018800	-12447.711139	-585.863165
0.0000018900	-12265.590383	-579.543552
0.0000019000	-12085.906907	-573.143335
0.0000019100	-11907.405373	-566.661926
0.0000019200	-11727.758592	-560.098784
0.0000019300	-11549.330450	-553.453420
0.0000019400	-11369.610277	-546.725395
0.0000019500	-11187.562913	-539.914321
0.0000019600	-11007.916132	-533.019868
0.0000019700	-10829.341207	-526.041758
0.0000019800	-10648.365699	-518.979773
0.0000019900	-10466.171552	-511.833750
0.0000020000	-10283.977405	-504.603590
0.0000020100	-10101.783258	-497.289250
0.0000020200	-9919.589111	-489.890752
0.0000020300	-9737.394964	-482.408178
0.0000020400	-9555.200817	-474.841676
0.0000020500	-9373.006670	-467.191458
0.0000020600	-9190.812523	-459.457799
0.0000020700	-9008.618376	-451.641041
0.0000020800	-8826.277446	-443.741594
0.0000020900	-8641.572629	-435.759933
0.0000021000	-8455.759260	-427.696599
0.0000021100	-8272.309778	-419.552204
0.0000021200	-8089.968848	-411.327424
0.0000021300	-7905.227335	-403.023005
0.0000021400	-7718.158631	-394.639761
0.0000021500	-7533.490510	-386.178573
0.0000021600	-7351.259667	-377.640389
0.0000021700	-7167.810185	-369.026225
0.0000021800	-6984.360703	-360.337165
0.0000021900	-6799.619191	-351.574358
0.0000022000	-6613.659039	-342.739020
0.0000022100	-6427.735582	-333.832431
0.0000022200	-6241.775430	-324.855939
0.0000022300	-6057.070613	-315.810952
0.0000022400	-5873.474348	-306.698943
0.0000022500	-5687.367413	-297.521448
0.0000022600	-5497.641256	-288.280061
0.0000022700	-5306.623068	-278.976438
0.0000022800	-5114.386240	-269.612293
0.0000022900	-4923.551531	-260.189398
0.0000023000	-4735.264188	-250.709579
0.0000023100	-4549.157253	-241.174718
0.0000023200	-4361.758287	-231.586748
0.0000023300	-4172.178913	-221.947655
0.0000023400	-3983.708091	-212.259474
0.0000023500	-3793.835151	-202.524286
0.0000023600	-3602.853658	-192.744220
0.0000023700	-3413.127501	-182.921446
0.0000023800	-3222.292792	-173.058178
0.0000023900	-3032.566635	-163.156670
0.0000024000	-2844.095813	-153.219211
0.0000024100	-2656.880326	-143.248129
0.0000024200	-2468.409504	-133.245783
0.0000024300	-2278.683347	-123.214563
0.0000024400	-2090.065741	-113.156888
0.0000024500	-1898.937466	-103.075204
0.0000024600	-1704.189969	-92.971980
0.0000024700	-1509.552559	-82.849707
0.0000024800	-1314.805062	-72.710896
0.0000024900	-1120.277739	-62.558072
0.0000025000	-931.806917	-52.393776
0.0000025100	-743.152616	-42.220560
0.0000025200	-550.769006	-32.040985
0.0000025300	-355.874725	-21.857619
0.0000025400	-158.800037	-11.673033
0.0000025500	34.545342	-1.489799
0.0000025600	225.563530	8.689511
0.0000025700	417.653574	18.862331
0.0000025800	607.379731	29.026100
0.0000025900	797.252671	39.178266
0.0000026000	989.636282	49.316289
0.0000026100	1184.236996	59.437643
0.0000026200	1376.327040	69.539819
0.0000026300	1564.761166	79.620327
0.0000026400	1751.976653	89.676699
0.0000026500	1939.228836	99.706490
0.0000026600	2127.662962	109.707282
0.0000026700	2316.280568	119.676687
0.0000026800	2506.043421	129.612346
0.0000026900	2697.024913	139.511935
0.0000027000	2889.261740	149.373166
0.0000027100	3080.206536	159.193786
0.0000027200	3269.932693	168.971585
0.0000027300	3460.804098	178.704394
0.0000027400	3649.274920	188.390088
0.0000027500	3837.745742	198.026588
0.0000027600	4027.471900	207.611861
0.0000027700	4216.126201	217.143927
0.0000027800	4407.107693	226.620855
0.0000027900	4599.307824	236.040768
0.0000028000	4791.397868	245.401843
0.0000028100	4979.831994	254.702312
0.0000028200	5167.194265	263.940468
0.0000028300	5358.065670	273.114659
0.0000028400	5547.755131	282.223295
0.0000028500	5734.933922	291.264847
0.0000028600	5920.930770	300.237850
0.0000028700	6108.182953	309.140898
0.0000028800	6295.251657	317.972654
0.0000028900	6481.321896	326.731844
0.0000029000	6668.500688	335.417260
0.0000029100	6853.058721	344.027760
0.0000029200	7035.399652	352.562270
0.0000029300	7220.104469	361.019783
0.0000029400	7405.917837	369.399359
0.0000029500	7589.550798	377.700128
0.0000029600	7775.510951	385.921286
0.0000029700	7961.471103	394.062100
0.0000029800	8147.431255	402.121903
0.0000029900	8333.207928	410.100097
0.0000030000	8515.402075	417.996153
0.0000030100	8697.596222	425.809608
0.0000030200	8879.790369	433.540067
0.0000030300	9061.984516	441.187203
0.0000030400	9244.325446	448.750754
0.0000030500	9429.030263	456.230524
0.0000030600	9613.588297	463.626382
0.0000030700	9795.782444	470.938263
0.0000030800	9977.976591	478.166161
0.0000030900	10160.170738	485.310137
0.0000031000	10342.364885	492.370311
0.0000031100	10524.559032	499.346862
0.0000031200	10706.753179	506.240030
0.0000031300	10888.947326	513.050112
0.0000031400	11070.994689	519.777460
0.0000031500	11250.678166	526.422484
0.0000031600	11430.471731	532.985645
0.0000031700	11611.373847	539.467456
0.0000031800	11791.094020	545.868481
0.0000031900	11972.032832	552.189332
0.0000032000	12151.716309	558.430669
0.0000032100	12331.363090	564.593197
0.0000032200	12511.009871	570.677664
0.0000032300	12688.256069	576.684860
0.0000032400	12866.537428	582.615615
0.0000032500	13042.234725	588.470795
0.0000032600	13212.059001	594.251304
0.0000032700	13386.611050	599.958080
0.0000032800	13562.198260	605.592092
0.0000032900	13730.547026	611.154338
0.0000033000	13896.531905	616.645847
0.0000033100	14062.590176	622.067669
0.0000033200	14232.120885	627.420883
0.0000033300	14400.359564	632.706586
0.0000033400	14566.344443	637.925896
0.0000033500	14733.437874	643.079949
0.0000033600	14899.202578	648.169894
0.0000033700	15063.822034	653.196896
0.0000033800	15227.186156	658.162130
0.0000033900	15391.805613	663.066782
0.0000034000	15556.388374	667.912041
0.0000034100	15718.350377	672.699105
0.0000034200	15877.948494	677.429174
0.0000034300	16037.693393	682.103448
0.0000034400	16199.802180	686.723128
0.0000034500	16361.874271	691.289411
0.0000034600	16522.727722	695.803490
0.0000034700	16683.617870	700.266551
0.0000034800	16845.726656	704.679772
0.0000034900	17007.798747	709.044320
0.0000035000	17168.652199	713.361352
0.0000035100	17329.542346	717.632011
0.0000035200	17491.504349	721.857423
0.0000035300	17650.918987	726.038699
0.0000035400	17806.861186	730.176932
0.0000035500	17962.693297	734.273194
0.0000035600	18117.270074	738.328538
0.0000035700	18271.846850	742.343992
0.0000035800	18426.313539	746.320561
0.0000035900	18579.634981	750.259227
0.0000036000	18732.919726	754.160944
0.0000036100	18884.949137	758.026637
0.0000036200	19035.759908	761.857208
0.0000036300	19186.607376	765.653524
0.0000036400	19338.673482	769.416426
0.0000036500	19490.739588	773.146723
0.0000036600	19642.622216	776.845191
0.0000036700	19789.483503	780.512575
0.0000036800	19931.690408	784.149587
0.0000036900	20078.881958	787.756905
0.0000037000	20229.509250	791.335174
0.0000037100	20376.407233	794.885003
0.0000037200	20519.685995	798.406970
0.0000037300	20662.964756	801.901613
0.0000037400	20806.243517	805.369440
0.0000037500	20948.266943	808.810921
0.0000037600	21090.290370	812.226492
0.0000037700	21232.313796	815.616554
0.0000037800	21374.337222	818.981472
0.0000037900	21516.360648	822.321578
0.0000038000	21658.384074	825.637169
0.0000038100	21799.152166	828.928508
0.0000038200	21939.920257	832.195823
0.0000038300	22081.943683	835.439311
0.0000038400	22223.930413	838.659135
0.0000038500	22363.406474	841.855426
0.0000038600	22501.480416	845.028284
0.0000038700	22634.422931	848.177777
0.0000038800	22762.637672	851.303945
0.0000038900	22890.999196	854.406798
0.0000039000	23019.067154	857.486317
0.0000039100	23145.989864	860.542455
0.0000039200	23271.877414	863.575142
0.0000039300	23400.092155	866.584279
0.0000039400	23528.123416	869.569743
0.0000039500	23652.425369	872.531390
0.0000039600	23774.363435	875.469053
0.0000039700	23896.154718	878.382541
0.0000039800	24015.582113	881.271647
0.0000039900	24135.156292	884.136145
0.0000040000	24256.947575	886.975788
0.0000040100	24375.119636	889.790318
0.0000040200	24492.036362	892.579459
0.0000040300	24608.769608	895.342921
0.0000040400	24722.030416	898.080404
0.0000040500	24836.436472	900.791596
0.0000040600	24950.695745	903.476176
0.0000040700	25063.846465	906.133814
0.0000040800	25176.997186	908.764173
0.0000040900	25288.892571	911.366913
0.0000041000	25400.824653	913.941686
0.0000041100	25513.828590	916.488145
0.0000041200	25624.395249	919.005940
0.0000041300	25731.269295	921.494719
0.0000041400	25838.143341	923.954134
0.0000041500	25944.980690	926.383839
0.0000041600	26050.452618	928.783490
0.0000041700	26153.597354	931.152751
0.0000041800	26256.705394	933.491289
0.0000041900	26359.776739	935.798781
0.0000042000	26461.629444	938.074911
0.0000042100	26563.482150	940.319373
0.0000042200	26665.334855	942.531874
0.0000042300	26767.187561	944.712130
0.0000042400	26869.040266	946.859871
0.0000042500	26970.892972	948.974843
0.0000042600	27072.562198	951.056804
0.0000042700	27169.099997	953.105530
0.0000042800	27259.617992	955.120812
0.0000042900	27349.027434	957.102460
0.0000043000	27439.765603	959.050303
0.0000043100	27532.830964	960.964187
0.0000043200	27625.749541	962.843978
0.0000043300	27717.522870	964.689564
0.0000043400	27806.822225	966.500854
0.0000043500	27895.974797	968.277776
0.0000043600	27982.763483	970.020282
0.0000043700	28069.552168	971.728346
0.0000043800	28156.157374	973.401965
0.0000043900	28237.961415	975.041158
0.0000044000	28322.386213	976.645967
0.0000044100	28409.138202	978.216458
0.0000044200	28493.232739	979.752722
0.0000044300	28573.561270	981.254871
0.0000044400	28649.051939	982.723042
0.0000044500	28724.689393	984.157394
0.0000044600	28803.799284	985.558113
0.0000044700	28879.143171	986.925404
0.0000044800	28950.867836	988.259497
0.0000044900	29022.555805	989.560645
0.0000045000	29092.878352	990.829122
0.0000045100	29160.873707	992.065227
0.0000045200	29230.234485	993.269276
0.0000045300	29300.520336	994.441610
0.0000045400	29367.040182	995.582589
0.0000045500	29429.977502	996.692593
0.0000045600	29491.659486	997.772022
0.0000045700	29553.341471	998.821292
0.0000045800	29615.023456	999.840841
0.0000045900	29676.668745	1000.831121
0.0000046000	29737.095394	1001.792602
0.0000046100	29797.558740	1002.725768
0.0000046200	29858.910462	1003.631119
0.0000046300	29913.023741	1004.509168
0.0000046400	29964.773133	1005.360440
0.0000046500	30017.410902	1006.185472
0.0000046600	30066.576232	1006.984814
0.0000046700	30116.886810	1007.759021
0.0000046800	30163.357991	1008.508662
0.0000046900	30206.246646	1009.234309
0.0000047000	30250.317245	1009.936542
0.0000047100	30293.279291	1010.615947
0.0000047200	30337.386586	1011.273112
0.0000047300	30382.602432	1011.908632
0.0000047400	30425.454391	1012.523098
0.0000047500	30466.904232	1013.117107
0.0000047600	30505.990187	1013.691251
0.0000047700	30545.076141	1014.246124
0.0000047800	30583.978616	1014.782314
0.0000047900	30619.445348	1015.300407
0.0000048000	30656.167416	1015.800983
0.0000048100	30695.069891	1016.284615
0.0000048200	30730.243057	1016.751869
0.0000048300	30761.797001	1017.203302
0.0000048400	30793.350945	1017.639461
0.0000048500	30824.721410	1018.060883
0.0000048600	30852.509349	1018.468091
0.0000048700	30879.188737	1018.861597
0.0000048800	30908.048532	1019.241896
0.0000048900	30933.179017	1019.609472
0.0000049000	30955.945616	1019.964788
0.0000049100	30978.712215	1020.308294
0.0000049200	31000.223479	1020.640420
0.0000049300	31021.734743	1020.961575
0.0000049400	31043.246007	1021.272153
0.0000049500	31064.720575	1021.572524
0.0000049600	31084.829721	1021.863036
0.0000049700	31101.209557	1022.144018
0.0000049800	31116.590929	1022.415773
0.0000049900	31135.701610	1022.678582
0.0000050000	31155.774060	1022.932703
0.0000050100	31171.008649	1023.178368
0.0000050200	31184.951207	1023.415783
0.0000050300	31198.636894	1023.645130
0.0000050400	31207.448025	1023.866566
0.0000050500	31211.347903	1024.080218
0.0000050600	31212.810502	1024.286191
0.0000050700	31215.491740	1024.484558
0.0000050800	31217.989500	1024.675371
0.0000050900	31216.904733	1024.858649
0.0000051000	31215.966750	1025.034388
0.0000051100	31217.355958	1025.202554
0.0000051200	31217.379743	1025.363088
0.0000051300	31214.892858	1025.515901
0.0000051400	31208.750056	1025.660879
0.0000051500	31201.388614	1025.797882
0.0000051600	31194.027173	1025.926740
0.0000051700	31185.373700	1026.047261
0.0000051800	31175.501589	1026.159222
0.0000051900	31165.666173	1026.262379
0.0000052000	31158.268035	1026.356461
0.0000052100	31149.504475	1026.441171
0.0000052200	31136.974910	1026.516190
0.0000052300	31120.972907	1026.581175
0.0000052400	31107.334790	1026.635760
0.0000052500	31093.513194	1026.679556
0.0000052600	31074.853737	1026.712154
0.0000052700	31057.449615	1026.733122
0.0000052800	31040.045494	1026.742012
0.0000052900	31021.055775	1026.738353
0.0000053000	30996.119643	1026.721658
0.0000053100	30971.513773	1026.691422
0.0000053200	30951.452198	1026.647126
0.0000053300	30928.843257	1026.588232
0.0000053400	30903.870429	1026.514190
0.0000053500	30876.607106	1026.424437
0.0000053600	30852.742830	1026.318397
0.0000053700	30824.965766	1026.195483
0.0000053800	30788.731619	1026.055100
0.0000053900	30751.535703	1025.896641
0.0000054000	30720.322896	1025.719495
0.0000054100	30690.181945	1025.523040
0.0000054200	30655.203132	1025.306653
0.0000054300	30618.822202	1025.069706
0.0000054400	30580.040689	1024.811565
0.0000054500	30539.893753	1024.531598
0.0000054600	30496.127596	1024.229171
0.0000054700	30452.361439	1023.903650
0.0000054800	30409.740529	1023.554404
0.0000054900	30364.829124	1023.180805
0.0000055000	30319.917719	1022.782227
0.0000055100	30276.004778	1022.358052
0.0000055200	30229.581168	1021.907668
0.0000055300	30180.793670	1021.430469
0.0000055400	30132.006173	1020.925859
0.0000055500	30083.218676	1020.393252
0.0000055600	30034.431178	1019.832072
0.0000055700	29984.351650	1019.241755
0.0000055800	29932.870003	1018.621750
0.0000055900	29878.914383	1017.971522
0.0000056000	29821.376236	1017.290546
0.0000056100	29763.801393	1016.578317
0.0000056200	29706.189855	1015.834346
0.0000056300	29647.359677	1015.058159
0.0000056400	29588.492804	1014.249302
0.0000056500	29527.005173	1013.407340
0.0000056600	29462.970176	1012.531858
0.0000056700	29396.718076	1011.622460
0.0000056800	29330.245801	1010.678773
0.0000056900	29261.336247	1009.700442
0.0000057000	29191.318141	1008.687137
0.0000057100	29123.407052	1007.638550
0.0000057200	29049.366071	1006.554396
0.0000057300	28970.450533	1005.434412
0.0000057400	28891.534995	1004.278360
0.0000057500	28812.619457	1003.086024
0.0000057600	28733.703919	1001.857215
0.0000057700	28654.751685	1000.591764
0.0000057800	28574.580812	999.289529
0.0000057900	28494.299852	997.950393
0.0000058000	28412.873644	996.574260
0.0000058100	28331.557523	995.161061
0.0000058200	28250.094619	993.710749
0.0000058300	28166.047654	992.223301
0.0000058400	28081.963992	990.698719
0.0000058500	27995.479748	989.137027
0.0000058600	27906.521530	987.538270
0.0000058700	27817.563312	985.902519
0.0000058800	27728.605094	984.229863
0.0000058900	27639.463396	982.520415
0.0000059000	27546.592390	980.774307
0.0000059100	27451.357497	978.991692
0.0000059200	27354.977356	977.172742
0.0000059300	27259.779158	975.317646
0.0000059400	27167.054935	973.426613
0.0000059500	27073.038681	971.499868
0.0000059600	26977.657004	969.537652
0.0000059700	26879.911441	967.540220
0.0000059800	26780.947238	965.507842
0.0000059900	26683.201675	963.440801
0.0000060000	26585.419416	961.339392
0.0000060100	26486.418517	959.203920
0.0000060200	26387.417619	957.034700
0.0000060300	26287.161385	954.832057
0.0000060400	26186.721673	952.596321
0.0000060500	26083.771290	950.327829
0.0000060600	25976.019743	948.026924
0.0000060700	25869.486834	945.693952
0.0000060800	25762.917230	943.329260
0.0000060900	25652.618316	940.933197
0.0000061000	25540.917284	938.506112
0.0000061100	25427.960917	936.048351
0.0000061200	25312.603968	933.560259
0.0000061300	25194.736348	931.042176
0.0000061400	25075.650089	928.494435
0.0000061500	24956.600526	925.917363
0.0000061600	24838.769603	923.311278
0.0000061700	24720.901983	920.676489
0.0000061800	24601.815724	918.013294
0.0000061900	24482.729466	915.321979
0.0000062000	24363.606511	912.602813
0.0000062100	24243.264917	909.856054
0.0000062200	24121.704684	907.081942
0.0000062300	24001.216307	904.280700
0.0000062400	23878.327347	901.452531
0.0000062500	23752.927718	898.597620
0.0000062600	23626.162666	895.716128
0.0000062700	23497.070422	892.808197
0.0000062800	23369.196818	889.873943
0.0000062900	23241.323214	886.913458
0.0000063000	23113.412915	883.926811
0.0000063100	22984.247280	880.914042
0.0000063200	22853.899702	877.875164
0.0000063300	22723.331949	874.810162
0.0000063400	22589.181670	871.718992
0.0000063500	22456.323421	868.601580
0.0000063600	22323.244998	865.457821
0.0000063700	22185.292018	862.287581
0.0000063800	22046.120399	859.090691
0.0000063900	21906.985476	855.866951
0.0000064000	21769.069192	852.616128
0.0000064100	21631.116212	849.337956
0.0000064200	21492.091376	846.032135
0.0000064300	21355.430426	842.698330
0.0000064400	21218.622694	839.336175
0.0000064500	21079.451075	835.945265
0.0000064600	20940.279456	832.525165
0.0000064700	20801.107837	829.075402
0.0000064800	20661.936217	825.595470
0.0000064900	20522.764598	822.084831
0.0000065000	20383.556283	818.542908
0.0000065100	20241.873994	814.969094
0.0000065200	20100.228401	811.362748
0.0000065300	19958.399328	807.723195
0.0000065400	19812.767555	804.049727
0.0000065500	19664.625111	800.341606
0.0000065600	19512.716663	796.598061
0.0000065700	19357.372472	792.818291
0.0000065800	19205.684198	789.001465
0.0000065900	19053.775750	785.146724
0.0000066000	18895.737409	781.253178
0.0000066100	18736.480430	777.319913
0.0000066200	18578.478785	773.345988
0.0000066300	18420.477141	769.330437
0.0000066400	18261.220161	765.272270
0.0000066500	18103.218517	761.170475
0.0000066600	17945.216872	757.024019
0.0000066700	17785.923197	752.831848
0.0000066800	17625.410882	748.592892
0.0000066900	17464.935263	744.306063
0.0000067000	17305.641588	739.970256
0.0000067100	17143.873938	735.584355
0.0000067200	16982.142984	731.147232
0.0000067300	16821.593974	726.657747
0.0000067400	16659.826324	722.114751
0.0000067500	16499.167227	717.517091
0.0000067600	16334.888907	712.863608
0.0000067700	16169.355252	708.153138
0.0000067800	16003.638119	703.384518
0.0000067900	15834.485242	698.556585
0.0000068000	15668.951587	693.668179
0.0000068100	15503.271150	688.718144
0.0000068200	15333.971490	683.705333
0.0000068300	15164.818613	678.628604
0.0000068400	14998.029623	673.486829
0.0000068500	14831.093851	668.278891
0.0000068600	14661.794191	663.003690
0.0000068700	14492.494531	657.660140
0.0000068800	14323.048088	652.247177
0.0000068900	14151.237758	646.763756
0.0000069000	13979.574212	641.208856
0.0000069100	13808.982521	635.581482
0.0000069200	13635.880160	629.880664
0.0000069300	13461.595856	624.105465
0.0000069400	13289.785527	618.254975
0.0000069500	13119.193836	612.328321
0.0000069600	12947.383506	606.324663
0.0000069700	12775.573176	600.243199
0.0000069800	12602.360728	594.083167
0.0000069900	12426.637610	587.843844
0.0000070000	12248.697389	581.524552
0.0000070100	12072.012502	575.124656
0.0000070200	11897.544719	568.643568
0.0000070300	11721.821601	562.080747
0.0000070400	11544.989931	555.435705
0.0000070500	11366.866230	548.708000
0.0000070600	11186.268555	541.897248
0.0000070700	11005.707576	535.003115
0.0000070800	10826.365236	528.025326
0.0000070900	10647.022896	520.963662
0.0000071000	10467.680556	513.817961
0.0000071100	10288.338216	506.588121
0.0000071200	10108.995876	499.274102
0.0000071300	9929.653536	491.875925
0.0000071400	9750.311196	484.393673
0.0000071500	9570.968856	476.827492
0.0000071600	9391.626516	469.177594
0.0000071700	9212.284176	461.444256
0.0000071800	9032.795053	453.627820
0.0000071900	8850.942043	445.728694
0.0000072000	8669.235816	437.747354
0.0000072100	8489.856781	429.684341
0.0000072200	8309.259106	421.540267
0.0000072300	8128.661431	413.315808
0.0000072400	7948.063756	405.011710
0.0000072500	7767.355993	396.628787
0.0000072600	7585.356200	388.167920
0.0000072700	7399.883968	379.630057
0.0000072800	7215.483592	371.016214
0.0000072900	7029.827881	362.327475
0.0000073000	6843.100315	353.564989
0.0000073100	6658.736635	344.729972
0.0000073200	6475.481506	335.823704
0.0000073300	6289.715708	326.847533
0.0000073400	6100.367384	317.802867
0.0000073500	5912.384482	308.691179
0.0000073600	5726.875554	299.514005
0.0000073700	5541.073060	290.272939
0.0000073800	5352.943375	280.969637
0.0000073900	5166.142416	271.605813
0.0000074000	4981.485170	262.183239
0.0000074100	4792.063454	252.703741
0.0000074200	4600.351243	243.169201
0.0000074300	4413.623676	233.581553
0.0000074400	4230.441939	223.942781
0.0000074500	4043.274023	214.254921
0.0000074600	3851.415028	204.520054
0.0000074700	3659.812905	194.740308
0.0000074800	3471.646524	184.917855
0.0000074900	3283.516839	175.054909
0.0000075000	3093.985035	165.153721
0.0000075100	2903.197897	155.216584
0.0000075200	2710.120263	145.245823
0.0000075300	2519.296429	135.243798
0.0000075400	2325.146939	125.212898
0.0000075500	2133.251249	115.155545
0.0000075600	1942.574198	105.074182
0.0000075700	1749.606652	94.971279
0.0000075800	1560.111544	84.849327
0.0000075900	1370.726524	74.710837
0.0000076000	1180.049473	64.558334
0.0000076100	986.898448	54.394359
0.0000076200	794.892671	44.221464
0.0000076300	602.996980	34.042211
0.0000076400	409.845955	23.859166
0.0000076500	216.658234	13.674900
0.0000076600	22.361961	3.491988
0.0000076700	-170.642281	-6.687002
0.0000076800	-361.392723	-16.859501
0.0000076900	-554.800619	-27.022949
0.0000077000	-750.278835	-37.174794
0.0000077100	-940.809103	-47.312495
0.0000077200	-1131.522850	-57.433528
0.0000077300	-1325.892514	-67.535384
0.0000077400	-1517.751509	-77.615571
0.0000077500	-1707.320008	-87.671621
0.0000077600	-1901.726368	-97.701091
0.0000077700	-2096.096033	-107.701563
0.0000077800	-2289.283754	-117.670646
0.0000077900	-2483.690114	-127.605985
0.0000078000	-2678.206562	-137.505253
0.0000078100	-2875.013504	-147.366162
0.0000078200	-3067.870963	-157.186461
0.0000078300	-3255.963953	-166.963939
0.0000078400	-3445.642539	-176.696427
0.0000078500	-3640.048899	-186.381800
0.0000078600	-3833.089837	-196.017979
0.0000078700	-4023.620105	-205.602931
0.0000078800	-4211.823182	-215.134676
0.0000078900	-4398.807619	-224.611283
0.0000079000	-4586.680434	-234.030875
0.0000079100	-4772.262753	-243.391629
0.0000079200	-4957.845072	-252.691777
0.0000079300	-5142.245448	-261.929612
0.0000079400	-5326.755911	-271.103482
0.0000079500	-5513.593566	-280.211797
0.0000079600	-5699.249277	-289.253028
0.0000079700	-5884.868292	-298.225709
0.0000079800	-6070.450611	-307.128437
0.0000079900	-6254.704204	-315.959872
0.0000080000	-6438.921100	-324.718741
0.0000080100	-6622.176229	-333.403836
0.0000080200	-6806.539909	-342.014015
0.0000080300	-6989.611558	-350.548204
0.0000080400	-7171.611351	-359.005395
0.0000080500	-7355.828248	-367.384651
0.0000080600	-7537.571171	-375.685098
0.0000080700	-7719.570964	-383.905936
0.0000080800	-7905.153283	-392.046429
0.0000080900	-8089.370180	-400.105911
0.0000081000	-8270.004551	-408.083784
0.0000081100	-8450.602226	-415.979518
0.0000081200	-8631.309988	-423.792652
0.0000081300	-8814.418333	-431.522790
0.0000081400	-8998.635230	-439.169605
0.0000081500	-9180.488240	-446.732835
0.0000081600	-9361.085915	-454.212284
0.0000081700	-9540.428255	-461.607821
0.0000081800	-9719.770595	-468.919381
0.0000081900	-9899.112935	-476.146958
0.0000082000	-10078.455275	-483.290613
0.0000082100	-10257.797615	-490.350466
0.0000082200	-10437.139955	-497.326696
0.0000082300	-10615.190264	-504.219543
0.0000082400	-10792.021934	-511.029304
0.0000082500	-10970.145634	-517.756331
0.0000082600	-11149.304495	-524.401034
0.0000082700	-11324.880830	-530.963874
0.0000082800	-11500.493861	-537.445364
0.0000082900	-11677.325531	-543.846067
0.0000083000	-11854.157201	-550.166598
0.0000083100	-12030.988871	-556.407614
0.0000083200	-12207.820541	-562.569821
0.0000083300	-12384.615515	-568.653967
0.0000083400	-12558.899819	-574.660842
0.0000083500	-12730.600061	-580.591275
0.0000083600	-12901.338535	-586.446135
0.0000083700	-13076.914870	-592.226323
0.0000083800	-13252.307726	-597.932778
0.0000083900	-13424.081360	-603.566468
0.0000084000	-13594.636355	-609.128394
0.0000084100	-13763.936014	-614.619581
0.0000084200	-13933.272370	-620.041083
0.0000084300	-14103.827365	-625.393975
0.0000084400	-14274.198880	-630.679357
0.0000084500	-14440.987870	-635.898346
0.0000084600	-14607.923643	-641.052078
0.0000084700	-14775.931272	-646.141702
0.0000084800	-14942.573479	-651.168383
0.0000084900	-15108.143829	-656.133297
0.0000085000	-15273.787571	-661.037627
0.0000085100	-15440.539865	-665.882565
0.0000085200	-15607.218767	-670.669308
0.0000085300	-15771.350304	-675.399056
0.0000085400	-15933.117953	-680.073009
0.0000085500	-16096.140938	-684.692368
0.0000085600	-16257.871892	-689.258330
0.0000085700	-16417.128872	-693.772088
0.0000085800	-16576.422547	-698.234828
0.0000085900	-16737.081645	-702.647727
0.0000086000	-16900.067934	-707.011955
0.0000086100	-17061.835583	-711.328666
0.0000086200	-17224.858568	-715.599003
0.0000086300	-17387.734769	-719.824094
0.0000086400	-17546.991749	-724.005050
0.0000086500	-17706.248728	-728.142962
0.0000086600	-17865.505708	-732.238903
0.0000086700	-18024.725992	-736.293926
0.0000086800	-18182.580853	-740.309058
0.0000086900	-18338.071828	-744.285307
0.0000087000	-18493.562802	-748.223652
0.0000087100	-18647.798442	-752.125047
0.0000087200	-18802.107473	-755.990420
0.0000087300	-18957.561751	-759.820669
0.0000087400	-19110.431968	-763.616665
0.0000087500	-19260.754820	-767.379246
0.0000087600	-19407.421753	-771.109221
0.0000087700	-19552.943439	-774.807368
0.0000087800	-19700.792316	-778.474431
0.0000087900	-19847.275770	-782.111122
0.0000088000	-19991.432034	-785.718119
0.0000088100	-20134.369658	-789.296067
0.0000088200	-20274.943396	-792.845576
0.0000088300	-20417.881020	-796.367221
0.0000088400	-20560.671861	-799.861543
0.0000088500	-20699.843480	-803.329049
0.0000088600	-20839.015099	-806.770209
0.0000088700	-20978.186718	-810.185459
0.0000088800	-21117.358338	-813.575200
0.0000088900	-21256.529957	-816.939797
0.0000089000	-21395.701576	-820.279582
0.0000089100	-21534.726412	-823.594852
0.0000089200	-21671.350665	-826.885870
0.0000089300	-21806.903063	-830.152864
0.0000089400	-21944.672564	-833.396031
0.0000089500	-22079.931395	-836.615534
0.0000089600	-22212.863034	-839.811504
0.0000089700	-22345.868066	-842.984040
0.0000089800	-22478.726314	-846.133213
0.0000089900	-22610.255836	-849.259060
0.0000090000	-22740.676806	-852.361591
0.0000090100	-22872.279719	-855.440789
0.0000090200	-23002.627297	-858.496607
0.0000090300	-23131.609453	-861.528972
0.0000090400	-23258.227722	-864.537788
0.0000090500	-23384.845991	-867.522932
0.0000090600	-23510.025446	-870.484258
0.0000090700	-23630.477127	-873.421599
0.0000090800	-23753.329391	-876.334766
0.0000090900	-23877.326902	-879.223552
0.0000091000	-24000.215862	-882.087728
0.0000091100	-24123.031430	-884.927051
0.0000091200	-24243.336328	-887.741259
0.0000091300	-24362.422587	-890.530079
0.0000091400	-24481.508846	-893.293220
0.0000091500	-24599.339769	-896.030382
0.0000091600	-24717.170693	-898.741253
0.0000091700	-24835.001617	-901.425512
0.0000091800	-24952.795845	-904.082828
0.0000091900	-25070.626769	-906.712867
0.0000092000	-25188.494388	-909.315286
0.0000092100	-25305.069977	-911.889738
0.0000092200	-25420.206752	-914.435876
0.0000092300	-25531.687609	-916.953349
0.0000092400	-25639.292373	-919.441808
0.0000092500	-25743.204525	-921.900902
0.0000092600	-25846.154907	-924.330286
0.0000092700	-25952.541032	-926.729616
0.0000092800	-26056.379792	-929.098556
0.0000092900	-26156.599330	-931.436773
0.0000093000	-26255.600228	-933.743943
0.0000093100	-26354.601126	-936.019752
0.0000093200	-26453.602025	-938.263894
0.0000093300	-26552.602923	-940.476073
0.0000093400	-26651.567126	-942.656008
0.0000093500	-26749.275993	-944.803429
0.0000093600	-26845.802918	-946.918079
0.0000093700	-26943.585177	-948.999719
0.0000093800	-27042.549379	-951.048124
0.0000093900	-27140.148160	-953.063085
0.0000094000	-27233.980935	-955.044413
0.0000094100	-27324.157792	-956.991934
0.0000094200	-27413.116010	-958.905497
0.0000094300	-27502.074229	-960.784967
0.0000094400	-27591.032447	-962.630232
0.0000094500	-27679.990665	-964.441201
0.0000094600	-27767.546765	-966.217802
0.0000094700	-27852.592195	-967.959987
0.0000094800	-27936.675856	-969.667730
0.0000094900	-28023.270188	-971.341028
0.0000095000	-28112.044927	-972.979899
0.0000095100	-28195.798326	-974.584387
0.0000095200	-28274.713864	-976.154558
0.0000095300	-28353.629402	-977.690501
0.0000095400	-28432.544940	-979.192329
0.0000095500	-28511.460478	-980.660178
0.0000095600	-28590.376016	-982.094210
0.0000095700	-28669.108075	-983.494608
0.0000095800	-28744.257608	-984.861577
0.0000095900	-28819.590620	-986.195350
0.0000096000	-28898.359375	-987.496176
0.0000096100	-28972.106790	-988.764333
0.0000096200	-29042.234982	-990.000116
0.0000096300	-29113.471727	-991.203844
0.0000096400	-29180.869075	-992.375858
0.0000096500	-29242.283314	-993.516516
0.0000096600	-29303.660858	-994.626199
0.0000096700	-29366.110257	-995.705306
0.0000096800	-29426.159074	-996.754256
0.0000096900	-29483.733917	-997.773483
0.0000097000	-29541.308760	-998.763443
0.0000097100	-29600.138937	-999.724602
0.0000097200	-29658.932419	-1000.657447
0.0000097300	-29716.470566	-1001.562477
0.0000097400	-29772.826769	-1002.440205
0.0000097500	-29829.182973	-1003.291156
0.0000097600	-29885.319001	-1004.115867
0.0000097700	-29937.872504	-1004.914888
0.0000097800	-29990.462702	-1005.688774
0.0000097900	-30044.051365	-1006.438094
0.0000098000	-30092.802166	-1007.163420
0.0000098100	-30140.334329	-1007.865332
0.0000098200	-30187.866491	-1008.544416
0.0000098300	-30234.033231	-1009.201260
0.0000098400	-30279.018028	-1009.836458
0.0000098500	-30322.894273	-1010.450604
0.0000098600	-30366.513647	-1011.044291
0.0000098700	-30407.622351	-1011.618115
0.0000098800	-30446.367168	-1012.172666
0.0000098900	-30485.111985	-1012.708536
0.0000099000	-30523.820107	-1013.226308
0.0000099100	-30561.309589	-1013.726563
0.0000099200	-30597.543736	-1014.209874
0.0000099300	-30632.522549	-1014.676807
0.0000099400	-30667.354578	-1015.127919
0.0000099500	-30700.931271	-1015.563757
0.0000099600	-30731.997295	-1015.984858
0.0000099700	-30759.370706	-1016.391745
0.0000099800	-30784.416925	-1016.784929
0.0000099900	-30809.389753	-1017.164908
0.0000100000	-30834.179102	-1017.532162
0.0000100100	-30856.567868	-1017.887158
0.0000100200	-30877.737995	-1018.230343
0.0000100300	-30898.761339	-1018.562147
0.0000100400	-30917.420795	-1018.882982
0.0000100500	-30936.116948	-1019.193238
0.0000100600	-30956.031740	-1019.493288
0.0000100700	-30975.909836	-1019.783479
0.0000100800	-30994.569293	-1020.064140
0.0000100900	-31013.228750	-1020.335574
0.0000101000	-31031.704728	-1020.598062
0.0000101100	-31046.414701	-1020.851862
0.0000101200	-31057.688930	-1021.097206
0.0000101300	-31070.071712	-1021.334300
0.0000101400	-31081.235855	-1021.563326
0.0000101500	-31093.618636	-1021.784441
0.0000101600	-31105.817939	-1021.997772
0.0000101700	-31114.434716	-1022.203423
0.0000101800	-31123.014797	-1022.401470
0.0000101900	-31130.192759	-1022.591962
0.0000102000	-31132.386078	-1022.774919
0.0000102100	-31132.215509	-1022.950337
0.0000102200	-31132.044941	-1023.118182
