Tiempo_(s)	Campo_(A/m)	Magnetizacion_(A/m)
0.0000000000	-41408.068839	-1026.205718
0.0000000100	-41407.020246	-1025.913565
0.0000000200	-41405.971654	-1025.585064
0.0000000300	-41404.867413	-1025.220588
0.0000000400	-41401.282863	-1024.820569
0.0000000500	-41397.670488	-1024.385489
0.0000000600	-41391.480420	-1023.915882
0.0000000700	-41380.246261	-1023.412336
0.0000000800	-41366.517881	-1022.875483
0.0000000900	-41351.507611	-1022.306006
0.0000001000	-41333.961382	-1021.704631
0.0000001100	-41315.175000	-1021.072127
0.0000001200	-41298.855014	-1020.409306
0.0000001300	-41280.040807	-1019.717015
0.0000001400	-41258.704555	-1018.996140
0.0000001500	-41237.312654	-1018.247598
0.0000001600	-41212.116817	-1017.472336
0.0000001700	-41184.426759	-1016.671331
0.0000001800	-41155.468722	-1015.845582
0.0000001900	-41124.002553	-1014.996111
0.0000002000	-41095.058429	-1014.123956
0.0000002100	-41064.832413	-1013.230173
0.0000002200	-41033.282770	-1012.315827
0.0000002300	-40997.998752	-1011.381994
0.0000002400	-40961.516317	-1010.429752
0.0000002500	-40928.698695	-1009.460184
0.0000002600	-40890.823070	-1008.474368
0.0000002700	-40850.467138	-1007.473378
0.0000002800	-40810.097292	-1006.458281
0.0000002900	-40768.403820	-1005.430129
0.0000003000	-40720.440014	-1004.389962
0.0000003100	-40672.545770	-1003.338798
0.0000003200	-40629.570407	-1002.277635
0.0000003300	-40579.056732	-1001.207446
0.0000003400	-40527.302902	-1000.129174
0.0000003500	-40477.945908	-999.043733
0.0000003600	-40421.050603	-997.952000
0.0000003700	-40360.462659	-996.854817
0.0000003800	-40303.595178	-995.752984
0.0000003900	-40244.108267	-994.647262
0.0000004000	-40178.406671	-993.538363
0.0000004100	-40114.000880	-992.426954
0.0000004200	-40049.483790	-991.313650
0.0000004300	-39979.908697	-990.199018
0.0000004400	-39909.121275	-989.083567
0.0000004500	-39838.278203	-987.967754
0.0000004600	-39762.418866	-986.851978
0.0000004700	-39686.629090	-985.736579
0.0000004800	-39615.758194	-984.621838
0.0000004900	-39539.871033	-983.507976
0.0000005000	-39460.166023	-982.395152
0.0000005100	-39377.855494	-981.283462
0.0000005200	-39289.358106	-980.172942
0.0000005300	-39202.128697	-979.063562
0.0000005400	-39116.069881	-977.955233
0.0000005500	-39026.221041	-976.847800
0.0000005600	-38933.877980	-975.741047
0.0000005700	-38841.521007	-974.634696
0.0000005800	-38749.122298	-973.528408
0.0000005900	-38654.187631	-972.421784
0.0000006000	-38555.560325	-971.314366
0.0000006100	-38458.131438	-970.205638
0.0000006200	-38359.378922	-969.095027
0.0000006300	-38256.892032	-967.981907
0.0000006400	-38155.673120	-966.865597
0.0000006500	-38054.398559	-965.745367
0.0000006600	-37949.375711	-964.620437
0.0000006700	-37844.352863	-963.489982
0.0000006800	-37739.316103	-962.353131
0.0000006900	-37631.757298	-961.208973
0.0000007000	-37522.874865	-960.056557
0.0000007100	-37411.498211	-958.894899
0.0000007200	-37300.135470	-957.722978
0.0000007300	-37188.772728	-956.539746
0.0000007400	-37076.142008	-955.344127
0.0000007500	-36962.229397	-954.135020
0.0000007600	-36845.794740	-952.911307
0.0000007700	-36729.360084	-951.671849
0.0000007800	-36614.123845	-950.415497
0.0000007900	-36495.097582	-949.141088
0.0000008000	-36372.323032	-947.847454
0.0000008100	-36249.548482	-946.533424
0.0000008200	-36126.760019	-945.197826
0.0000008300	-36001.449512	-943.839491
0.0000008400	-35876.097268	-942.457258
0.0000008500	-35750.786760	-941.049974
0.0000008600	-35624.208274	-939.616502
0.0000008700	-35497.615875	-938.155720
0.0000008800	-35369.797235	-936.666527
0.0000008900	-35239.303514	-935.147842
0.0000009000	-35103.793528	-933.598613
0.0000009100	-34965.803233	-932.017817
0.0000009200	-34826.489311	-930.404460
0.0000009300	-34684.681168	-928.757584
0.0000009400	-34541.618958	-927.076268
0.0000009500	-34397.288770	-925.359629
0.0000009600	-34252.958581	-923.606827
0.0000009700	-34108.628393	-921.817064
0.0000009800	-33964.298204	-919.989590
0.0000009900	-33819.968016	-918.123698
0.0000010000	-33674.300288	-916.218734
0.0000010100	-33524.884272	-914.274092
0.0000010200	-33374.214190	-912.289218
0.0000010300	-33223.488459	-910.263609
0.0000010400	-33070.268507	-908.196817
0.0000010500	-32915.794489	-906.088447
0.0000010600	-32761.264822	-903.938158
0.0000010700	-32604.185285	-901.745662
0.0000010800	-32443.427022	-899.510728
0.0000010900	-32283.881089	-897.233176
0.0000011000	-32123.011528	-894.912882
0.0000011100	-31959.661659	-892.549773
0.0000011200	-31797.579768	-890.143827
0.0000011300	-31635.497878	-887.695077
0.0000011400	-31472.148009	-885.203600
0.0000011500	-31308.728578	-882.669524
0.0000011600	-31141.574773	-880.093024
0.0000011700	-30973.152988	-877.474317
0.0000011800	-30804.661643	-874.813663
0.0000011900	-30632.435923	-872.111363
0.0000012000	-30457.618596	-869.367754
0.0000012100	-30278.997333	-866.583208
0.0000012200	-30099.149828	-863.758130
0.0000012300	-29918.034344	-860.892954
0.0000012400	-29734.396815	-857.988139
0.0000012500	-29550.759286	-855.044167
0.0000012600	-29367.121757	-852.061540
0.0000012700	-29183.484229	-849.040776
0.0000012800	-28999.846700	-845.982405
0.0000012900	-28816.209171	-842.886966
0.0000013000	-28632.571642	-839.755002
0.0000013100	-28448.934113	-836.587059
0.0000013200	-28263.972956	-833.383679
0.0000013300	-28076.517579	-830.145399
0.0000013400	-27887.849872	-826.872744
0.0000013500	-27699.098692	-823.566224
0.0000013600	-27509.079532	-820.226335
0.0000013700	-27317.834131	-816.853544
0.0000013800	-27126.574818	-813.448298
0.0000013900	-26934.047525	-810.011012
0.0000014000	-26740.266167	-806.542064
0.0000014100	-26546.484808	-803.041800
0.0000014200	-26351.379822	-799.510520
0.0000014300	-26153.724965	-795.948483
0.0000014400	-25952.335734	-792.355896
0.0000014500	-25749.734174	-788.732918
0.0000014600	-25549.599009	-785.079651
0.0000014700	-25348.154129	-781.396139
0.0000014800	-25144.228940	-777.682366
0.0000014900	-24940.303752	-773.938253
0.0000015000	-24736.378563	-770.163654
0.0000015100	-24532.453375	-766.358354
0.0000015200	-24328.528187	-762.522069
0.0000015300	-24124.602998	-758.654440
0.0000015400	-23920.677810	-754.755035
0.0000015500	-23715.484642	-750.823346
0.0000015600	-23509.009584	-746.858789
0.0000015700	-23301.280459	-742.860699
0.0000015800	-23093.495686	-738.828333
0.0000015900	-22883.216691	-734.760869
0.0000016000	-22671.683631	-730.657404
0.0000016100	-22460.025359	-726.516957
0.0000016200	-22243.378647	-722.338466
0.0000016300	-22026.829320	-718.120787
0.0000016400	-21812.788126	-713.862703
0.0000016500	-21597.409393	-709.562916
0.0000016600	-21378.212810	-705.220053
0.0000016700	-21155.254029	-700.832666
0.0000016800	-20932.309159	-696.399235
0.0000016900	-20710.632269	-691.918169
0.0000017000	-20487.687399	-687.387810
0.0000017100	-20263.474551	-682.806434
0.0000017200	-20039.261703	-678.172255
0.0000017300	-19815.048855	-673.483428
0.0000017400	-19590.836007	-668.738050
0.0000017500	-19366.567510	-663.934171
0.0000017600	-19139.818704	-659.069787
0.0000017700	-18913.069899	-654.142855
0.0000017800	-18686.265444	-649.151290
0.0000017900	-18455.768351	-644.092971
0.0000018000	-18226.469676	-638.965750
0.0000018100	-17997.184913	-633.767452
0.0000018200	-17769.168129	-628.495882
0.0000018300	-17541.095695	-623.148829
0.0000018400	-17310.598603	-617.724074
0.0000018500	-17081.299928	-612.219396
0.0000018600	-16850.691537	-606.632573
0.0000018700	-16617.602838	-600.961392
0.0000018800	-16383.301809	-595.203653
0.0000018900	-16151.481088	-589.357178
0.0000019000	-15919.604719	-583.419812
0.0000019100	-15683.980062	-577.389434
0.0000019200	-15448.285844	-571.263959
0.0000019300	-15211.393209	-565.041348
0.0000019400	-14974.570135	-558.719611
0.0000019500	-14740.213457	-552.296816
0.0000019600	-14504.519239	-545.771091
0.0000019700	-14265.090646	-539.140635
0.0000019800	-14025.662053	-532.403721
0.0000019900	-13784.909833	-525.558702
0.0000020000	-13543.014844	-518.604017
0.0000020100	-13306.108296	-511.538197
0.0000020200	-13066.624054	-504.359871
0.0000020300	-12824.715153	-497.067770
0.0000020400	-12586.540627	-489.660735
0.0000020500	-12345.802319	-482.137718
0.0000020600	-12102.583702	-474.497789
0.0000020700	-11860.605239	-466.740143
0.0000020800	-11617.358798	-458.864098
0.0000020900	-11372.858290	-450.869108
0.0000021000	-11129.625761	-442.754759
0.0000021100	-10886.393232	-434.520777
0.0000021200	-10641.892725	-426.167030
0.0000021300	-10397.392217	-417.693531
0.0000021400	-10152.891709	-409.100442
0.0000021500	-9908.391202	-400.388075
0.0000021600	-9663.890694	-391.556896
0.0000021700	-9419.390186	-382.607526
0.0000021800	-9173.607787	-373.540741
0.0000021900	-8926.515673	-364.357475
0.0000022000	-8678.211229	-355.058822
0.0000022100	-8429.962435	-345.646034
0.0000022200	-8184.207860	-336.120523
0.0000022300	-7938.439374	-326.483861
0.0000022400	-7692.615238	-316.737776
0.0000022500	-7443.028904	-306.884156
0.0000022600	-7192.188502	-296.925047
0.0000022700	-6943.884058	-286.862648
0.0000022800	-6694.367285	-276.699312
0.0000022900	-6447.330820	-266.437543
0.0000023000	-6201.506684	-256.079994
0.0000023100	-5951.836876	-245.629464
0.0000023200	-5698.502254	-235.088892
0.0000023300	-5445.181544	-224.461359
0.0000023400	-5194.285494	-213.750079
0.0000023500	-4942.232763	-202.958397
0.0000023600	-4691.336712	-192.089784
0.0000023700	-4436.608901	-181.147833
0.0000023800	-4177.003947	-170.136252
0.0000023900	-3922.317873	-159.058862
0.0000024000	-3666.349907	-147.919587
0.0000024100	-3409.225261	-136.722453
0.0000024200	-3154.580924	-125.471576
0.0000024300	-2899.950499	-114.171162
0.0000024400	-2647.856031	-102.825496
0.0000024500	-2397.071279	-91.438938
0.0000024600	-2147.526680	-80.015912
0.0000024700	-1899.152675	-68.560906
0.0000024800	-1646.946909	-57.078457
0.0000024900	-1389.724878	-45.573150
0.0000025000	-1132.544583	-34.049606
0.0000025100	-874.138046	-22.512476
0.0000025200	-615.745421	-10.966437
0.0000025300	-361.170645	0.583822
0.0000025400	-111.653871	12.133604
0.0000025500	135.452155	23.678212
0.0000025600	387.630097	35.212955
0.0000025700	644.824304	46.733161
0.0000025800	904.540556	58.234180
0.0000025900	1162.933181	69.711391
0.0000026000	1418.901146	81.160215
0.0000026100	1677.460718	92.576116
0.0000026200	1940.925257	103.954611
0.0000026300	2203.052257	115.291281
0.0000026400	2458.936749	126.581769
0.0000026500	2709.832799	137.821798
0.0000026600	2960.617551	149.007169
0.0000026700	3210.189974	160.133770
0.0000026800	3461.058200	171.197585
0.0000026900	3714.378909	182.194697
0.0000027000	3965.205399	193.121296
0.0000027100	4213.495930	203.973684
0.0000027200	4459.333978	214.748277
0.0000027300	4708.975962	225.441616
0.0000027400	4962.282759	236.050370
0.0000027500	5213.067512	246.571336
0.0000027600	5461.427604	257.001451
0.0000027700	5711.000027	267.337788
0.0000027800	5963.052758	277.577565
0.0000027900	6212.611268	287.718148
0.0000028000	6458.449316	297.757050
0.0000028100	6708.035651	307.691938
0.0000028200	6960.060558	317.520633
0.0000028300	7208.351089	327.241113
0.0000028400	7454.133488	336.851513
0.0000028500	7699.901974	346.350128
0.0000028600	7945.656548	355.735412
0.0000028700	8190.157056	365.005982
0.0000028800	8435.925543	374.160612
0.0000028900	8681.694029	383.198241
0.0000029000	8926.194537	392.117966
0.0000029100	9170.695044	400.919041
0.0000029200	9415.195552	409.600882
0.0000029300	9659.696060	418.163059
0.0000029400	9904.196568	426.605297
0.0000029500	10148.710988	434.927474
0.0000029600	10394.479474	443.129617
0.0000029700	10640.234048	451.211900
0.0000029800	10884.734556	459.174643
0.0000029900	11129.235064	467.018302
0.0000030000	11373.735571	474.743476
0.0000030100	11618.236079	482.350891
0.0000030200	11862.736587	489.841406
0.0000030300	12107.181445	497.216002
0.0000030400	12349.145996	504.475780
0.0000030500	12591.110546	511.621958
0.0000030600	12833.019447	518.655860
0.0000030700	13072.503689	525.578917
0.0000030800	13314.468239	532.392659
0.0000030900	13556.418877	539.098709
0.0000031000	13795.889207	545.698777
0.0000031100	14036.516217	552.194657
0.0000031200	14273.408852	558.588217
0.0000031300	14509.103070	564.881397
0.0000031400	14748.476014	571.076200
0.0000031500	14985.313000	577.174686
0.0000031600	15219.725327	583.178968
0.0000031700	15456.631875	589.091205
0.0000031800	15694.736840	594.913593
0.0000031900	15930.347584	600.648363
0.0000032000	16164.690350	606.297772
0.0000032100	16397.779049	611.864099
0.0000032200	16630.881660	617.349635
0.0000032300	16865.238338	622.756682
0.0000032400	17098.327037	628.087545
0.0000032500	17330.092109	633.344525
0.0000032600	17559.376872	638.529914
0.0000032700	17789.915701	643.645991
0.0000032800	18019.200464	648.695014
0.0000032900	18247.217249	653.679218
0.0000033000	18475.164472	658.600805
0.0000033100	18699.377320	663.461946
0.0000033200	18923.590168	668.264769
0.0000033300	19147.816928	673.011361
0.0000033400	19373.297755	677.703757
0.0000033500	19598.764669	682.343944
0.0000033600	19822.977518	686.933849
0.0000033700	20047.134717	691.475341
0.0000033800	20267.543628	695.970227
0.0000033900	20488.008189	700.420245
0.0000034000	20712.221038	704.827067
0.0000034100	20936.433886	709.192291
0.0000034200	21159.378755	713.517443
0.0000034300	21382.323624	717.803971
0.0000034400	21605.198932	722.053248
0.0000034500	21824.270304	726.266566
0.0000034600	22039.593389	730.445137
0.0000034700	22252.394429	734.590092
0.0000034800	22465.223293	738.702480
0.0000034900	22680.490728	742.783269
0.0000035000	22892.065526	746.833341
0.0000035100	23106.204106	750.853500
0.0000035200	23322.683871	754.844466
0.0000035300	23530.343434	758.806877
0.0000035400	23734.268623	762.741292
0.0000035500	23938.193811	766.648192
0.0000035600	24142.119000	770.527976
0.0000035700	24346.058101	774.380972
0.0000035800	24551.251268	778.207430
0.0000035900	24756.430523	782.007530
0.0000036000	24960.355711	785.781380
0.0000036100	25163.012921	789.529021
0.0000036200	25365.600569	793.250431
0.0000036300	25565.652260	796.945524
0.0000036400	25760.757247	800.614154
0.0000036500	25958.342542	804.256120
0.0000036600	26155.872187	807.871169
0.0000036700	26349.667458	811.458997
0.0000036800	26544.716796	815.019256
0.0000036900	26739.752221	818.551551
0.0000037000	26934.801558	822.055454
0.0000037100	27129.836983	825.530498
0.0000037200	27322.350363	828.976187
0.0000037300	27513.609677	832.391994
0.0000037400	27704.785517	835.777372
0.0000037500	27892.213070	839.131754
0.0000037600	28078.386556	842.454554
0.0000037700	28264.504393	845.745177
0.0000037800	28449.409901	849.003020
0.0000037900	28634.315408	852.227473
0.0000038000	28817.952937	855.417928
0.0000038100	29001.646115	858.573778
0.0000038200	29187.819602	861.694425
0.0000038300	29373.867877	864.779280
0.0000038400	29552.433491	867.827769
0.0000038500	29731.054754	870.839333
0.0000038600	29913.410392	873.813435
0.0000038700	30094.456315	876.749562
0.0000038800	30271.698301	879.647226
0.0000038900	30445.247649	882.505969
0.0000039000	30621.207744	885.325366
0.0000039100	30792.040275	888.105025
0.0000039200	30956.713772	890.844592
0.0000039300	31125.135557	893.543751
0.0000039400	31292.233713	896.202229
0.0000039500	31455.583582	898.819794
0.0000039600	31618.933452	901.396260
0.0000039700	31782.283321	903.931485
0.0000039800	31945.619278	906.425376
0.0000039900	32107.701168	908.877888
0.0000040000	32269.741322	911.289024
0.0000040100	32430.499585	913.658838
0.0000040200	32588.763627	915.987434
0.0000040300	32744.491712	918.274964
0.0000040400	32898.965730	920.521633
0.0000040500	33053.439748	922.727696
0.0000040600	33206.645787	924.893456
0.0000040700	33358.514287	927.019266
0.0000040800	33505.380433	929.105527
0.0000040900	33653.584118	931.152689
0.0000041000	33806.720597	933.161246
0.0000041100	33954.840809	935.131737
0.0000041200	34100.438976	937.064747
0.0000041300	34245.981494	938.960899
0.0000041400	34389.043704	940.820859
0.0000041500	34532.105913	942.645327
0.0000041600	34675.168123	944.435044
0.0000041700	34818.230333	946.190779
0.0000041800	34961.292542	947.913335
0.0000041900	35104.285191	949.603542
0.0000042000	35243.543464	951.262258
0.0000042100	35380.251868	952.890361
0.0000042200	35514.354753	954.488751
0.0000042300	35643.413547	956.058346
0.0000042400	35768.724055	957.600076
0.0000042500	35895.302541	959.114884
0.0000042600	36021.825378	960.603722
0.0000042700	36144.599928	962.067544
0.0000042800	36267.374478	963.507309
0.0000042900	36390.149028	964.923974
0.0000043000	36512.923578	966.318490
0.0000043100	36634.374501	967.691804
0.0000043200	36753.275553	969.044848
0.0000043300	36868.497880	970.378545
0.0000043400	36986.200515	971.693797
0.0000043500	37103.847501	972.991489
0.0000043600	37217.801849	974.272483
0.0000043700	37332.954615	975.537615
0.0000043800	37446.797665	976.787692
0.0000043900	37559.414473	978.023493
0.0000044000	37669.439674	979.245759
0.0000044100	37774.476434	980.455200
0.0000044200	37880.767261	981.652485
0.0000044300	37986.988526	982.838242
0.0000044400	38090.743395	984.013059
0.0000044500	38194.484352	985.177478
0.0000044600	38295.703264	986.331994
0.0000044700	38395.654197	987.477057
0.0000044800	38495.605130	988.613065
0.0000044900	38595.556063	989.740367
0.0000045000	38694.155543	990.859261
0.0000045100	38787.710934	991.969990
0.0000045200	38878.786016	993.072748
0.0000045300	38969.861097	994.167670
0.0000045400	39060.880530	995.254842
0.0000045500	39148.151676	996.334292
0.0000045600	39234.210492	997.405994
0.0000045700	39323.948034	998.469871
0.0000045800	39409.965113	999.525789
0.0000045900	39495.898719	1000.573562
0.0000046000	39579.296367	1001.612950
0.0000046100	39658.959640	1002.643665
0.0000046200	39736.017395	1003.665364
0.0000046300	39808.072796	1004.677659
0.0000046400	39880.072548	1005.680111
0.0000046500	39949.591992	1006.672237
0.0000046600	40017.899105	1007.653509
0.0000046700	40088.616966	1008.623355
0.0000046800	40155.530891	1009.581165
0.0000046900	40217.442462	1010.526290
0.0000047000	40279.354034	1011.458044
0.0000047100	40341.265605	1012.375708
0.0000047200	40403.177176	1013.278535
0.0000047300	40465.074835	1014.165746
0.0000047400	40524.450449	1015.036539
0.0000047500	40583.826063	1015.890088
0.0000047600	40644.386181	1016.725550
0.0000047700	40698.620319	1017.542062
0.0000047800	40747.810366	1018.338751
0.0000047900	40794.506193	1019.114732
0.0000048000	40839.920128	1019.869113
0.0000048100	40884.024348	1020.600999
0.0000048200	40925.648260	1021.309494
0.0000048300	40967.216522	1021.993705
0.0000048400	41006.304476	1022.652744
0.0000048500	41045.378518	1023.285733
0.0000048600	41083.198494	1023.891805
0.0000048700	41121.018469	1024.470110
0.0000048800	41157.500904	1025.019816
0.0000048900	41188.980986	1025.540112
0.0000049000	41220.461068	1026.030213
0.0000049100	41251.871589	1026.489360
0.0000049200	41279.547734	1026.916824
0.0000049300	41305.969813	1027.311911
0.0000049400	41332.308419	1027.673962
0.0000049500	41354.898737	1028.002354
0.0000049600	41376.234989	1028.296507
0.0000049700	41397.571241	1028.555884
0.0000049800	41418.893581	1028.779990
0.0000049900	41438.961854	1028.968380
0.0000050000	41459.044040	1029.120655
0.0000050100	41480.310730	1029.236469
0.0000050200	41496.463769	1029.315526
0.0000050300	41507.670104	1029.357582
0.0000050400	41518.848614	1029.362450
0.0000050500	41527.477254	1029.329997
0.0000050600	41533.611674	1029.260144
0.0000050700	41539.676532	1029.152872
0.0000050800	41543.288906	1029.008216
0.0000050900	41546.873456	1028.826269
0.0000051000	41550.402357	1028.607182
0.0000051100	41551.395300	1028.351162
0.0000051200	41549.838374	1028.058473
0.0000051300	41543.279094	1027.729436
0.0000051400	41535.451835	1027.364424
0.0000051500	41528.878643	1026.963869
0.0000051600	41521.051384	1026.528253
0.0000051700	41511.956147	1026.058111
0.0000051800	41501.592930	1025.554028
0.0000051900	41489.906086	1025.016639
0.0000052000	41475.669373	1024.446626
0.0000052100	41457.684372	1023.844715
0.0000052200	41438.445305	1023.211675
0.0000052300	41419.206238	1022.548318
0.0000052400	41399.953258	1021.855492
0.0000052500	41379.460124	1021.134080
0.0000052600	41360.165408	1020.385002
0.0000052700	41338.320822	1019.609205
0.0000052800	41312.672300	1018.807663
0.0000052900	41280.753445	1017.981378
0.0000053000	41248.834591	1017.131371
0.0000053100	41216.887912	1016.258680
0.0000053200	41181.179033	1015.364361
0.0000053300	41149.148881	1014.449480
0.0000053400	41110.931870	1013.515110
0.0000053500	41071.460792	1012.562333
0.0000053600	41034.414373	1011.592228
0.0000053700	40994.873734	1010.605876
0.0000053800	40954.009467	1009.604350
0.0000053900	40909.424738	1008.588717
0.0000054000	40866.094075	1007.560030
0.0000054100	40821.425872	1006.519326
0.0000054200	40771.769227	1005.467626
0.0000054300	40724.578979	1004.405927
0.0000054400	40674.824949	1003.335202
0.0000054500	40617.588257	1002.256394
0.0000054600	40561.647368	1001.170417
0.0000054700	40509.385204	1000.078148
0.0000054800	40453.305193	998.980429
0.0000054900	40393.546455	997.878061
0.0000055000	40337.466444	996.771803
0.0000055100	40276.328430	995.662368
0.0000055200	40208.906171	994.550422
0.0000055300	40142.724066	993.436583
0.0000055400	40075.287895	992.321414
0.0000055500	40004.089525	991.205427
0.0000055600	39934.145221	990.089078
0.0000055700	39866.583839	988.972766
0.0000055800	39791.484147	987.856831
0.0000055900	39711.382101	986.741554
0.0000056000	39631.280055	985.627156
0.0000056100	39549.910030	984.513796
0.0000056200	39468.540005	983.401571
0.0000056300	39388.382310	982.290514
0.0000056400	39304.406766	981.180599
0.0000056500	39215.470606	980.071734
0.0000056600	39127.760688	978.963764
0.0000056700	39039.995120	977.856475
0.0000056800	38949.763156	976.749588
0.0000056900	38860.771347	975.642765
0.0000057000	38770.455910	974.535605
0.0000057100	38675.082470	973.427651
0.0000057200	38576.002480	972.318387
0.0000057300	38479.416710	971.207240
0.0000057400	38382.775292	970.093584
0.0000057500	38282.385586	968.976738
0.0000057600	38181.995880	967.855972
0.0000057700	38081.606175	966.730506
0.0000057800	37981.202557	965.599515
0.0000057900	37879.489223	964.462127
0.0000058000	37775.253845	963.317433
0.0000058100	37669.722663	962.164482
0.0000058200	37559.175215	961.002288
0.0000058300	37446.147459	959.829831
0.0000058400	37333.008405	958.646063
0.0000058500	37214.811348	957.449907
0.0000058600	37094.133983	956.240265
0.0000058700	36973.470529	955.016016
0.0000058800	36854.061143	953.776022
0.0000058900	36734.637844	952.519133
0.0000059000	36613.960479	951.244188
0.0000059100	36493.283114	949.950019
0.0000059200	36372.536187	948.635453
0.0000059300	36246.731258	947.299318
0.0000059400	36118.446020	945.940448
0.0000059500	35990.146870	944.557678
0.0000059600	35859.325675	943.149859
0.0000059700	35728.504480	941.715851
0.0000059800	35597.683285	940.254533
0.0000059900	35466.806441	938.764803
0.0000060000	35332.181309	937.245583
0.0000060100	35197.597915	935.695818
0.0000060200	35064.185113	934.114486
0.0000060300	34926.912726	932.500593
0.0000060400	34785.933789	930.853181
0.0000060500	34643.756435	929.171328
0.0000060600	34502.791410	927.454154
0.0000060700	34361.826385	925.700816
0.0000060800	34219.537732	923.910517
0.0000060900	34074.699210	922.082506
0.0000061000	33927.394291	920.216079
0.0000061100	33780.145022	918.310579
0.0000061200	33634.024609	916.365401
0.0000061300	33482.804456	914.379991
0.0000061400	33326.637598	912.353846
0.0000061500	33169.174938	910.286518
0.0000061600	33009.231969	908.177612
0.0000061700	32850.515242	906.026787
0.0000061800	32691.742866	903.833755
0.0000061900	32531.758160	901.598285
0.0000062000	32371.773454	899.320197
0.0000062100	32210.506857	896.999367
0.0000062200	32047.916633	894.635722
0.0000062300	31880.282318	892.229240
0.0000062400	31710.209431	889.779954
0.0000062500	31543.884832	887.287941
0.0000062600	31377.504583	884.753329
0.0000062700	31207.362135	882.176293
0.0000062800	31035.965621	879.557050
0.0000062900	30864.513458	876.895860
0.0000063000	30690.525337	874.193024
0.0000063100	30514.056908	871.448879
0.0000063200	30336.362237	868.663797
0.0000063300	30158.611916	865.838184
0.0000063400	29979.551881	862.972471
0.0000063500	29798.025449	860.067120
0.0000063600	29617.753083	857.122612
0.0000063700	29437.466806	854.139450
0.0000063800	29255.926462	851.118149
0.0000063900	29074.386118	848.059242
0.0000064000	28892.831861	844.963267
0.0000064100	28710.023538	841.830767
0.0000064200	28527.229128	838.662288
0.0000064300	28344.406893	835.458372
0.0000064400	28160.261030	832.219556
0.0000064500	27972.325143	828.946365
0.0000064600	27780.640969	825.639310
0.0000064700	27588.887234	822.298884
0.0000064800	27393.343475	818.925558
0.0000064900	27194.051428	815.519776
0.0000065000	26993.491403	812.081953
0.0000065100	26792.931378	808.612470
0.0000065200	26592.427002	805.111669
0.0000065300	26395.670914	801.579854
0.0000065400	26198.845263	798.017280
0.0000065500	25997.017260	794.424158
0.0000065600	25795.189256	790.800643
0.0000065700	25593.361252	787.146840
0.0000065800	25391.533248	783.462792
0.0000065900	25188.423354	779.748484
0.0000066000	24982.777502	776.003835
0.0000066100	24775.877583	772.228699
0.0000066200	24568.991577	768.422864
0.0000066300	24363.303988	764.586042
0.0000066400	24156.390157	760.717877
0.0000066500	23948.222259	756.817936
0.0000066600	23739.998713	752.885712
0.0000066700	23529.294858	748.920618
0.0000066800	23317.323025	744.921992
0.0000066900	23104.097125	740.889090
0.0000067000	22892.125291	736.821090
0.0000067100	22681.407524	732.717090
0.0000067200	22469.435690	728.576107
0.0000067300	22257.463857	724.397079
0.0000067400	22045.436374	720.178865
0.0000067500	21830.859022	715.920245
0.0000067600	21611.265404	711.619922
0.0000067700	21389.205390	707.276523
0.0000067800	21170.893662	702.888599
0.0000067900	20952.540198	698.454632
0.0000068000	20731.692514	693.973031
0.0000068100	20510.830917	689.442136
0.0000068200	20288.715254	684.860224
0.0000068300	20066.599590	680.225509
0.0000068400	19844.428278	675.536145
0.0000068500	19619.776657	670.790232
0.0000068600	19395.180685	665.985816
0.0000068700	19171.741394	661.120897
0.0000068800	18945.821795	656.193429
0.0000068900	18719.943932	651.201327
0.0000069000	18494.024332	646.142473
0.0000069100	18268.104733	641.014716
0.0000069200	18042.115572	635.815882
0.0000069300	17812.280738	630.543775
0.0000069400	17577.485288	625.196186
0.0000069500	17342.759398	619.770896
0.0000069600	17111.823533	614.265682
0.0000069700	16882.086085	608.678322
0.0000069800	16651.038922	603.006605
0.0000069900	16418.779428	597.248331
0.0000070000	16186.519935	591.401320
0.0000070100	15954.260442	585.463418
0.0000070200	15720.663409	579.432503
0.0000070300	15483.332001	573.306493
0.0000070400	15246.056242	567.083345
0.0000070500	15011.205142	560.761073
0.0000070600	14773.818085	554.337741
0.0000070700	14534.006369	547.811481
0.0000070800	14296.744522	541.180489
0.0000070900	14063.147489	534.443039
0.0000071000	13827.070147	527.597484
0.0000071100	13588.470760	520.642263
0.0000071200	13348.603395	513.575907
0.0000071300	13108.805591	506.397045
0.0000071400	12872.700425	499.104408
0.0000071500	12636.609171	491.696837
0.0000071600	12397.954135	484.173284
0.0000071700	12156.777054	476.532819
0.0000071800	11914.415468	468.774636
0.0000071900	11672.012145	460.898056
0.0000072000	11429.608822	452.902530
0.0000072100	11187.149850	444.787645
0.0000072200	10942.210570	436.553127
0.0000072300	10696.058959	428.198844
0.0000072400	10453.586075	419.724809
0.0000072500	10207.309255	411.131184
0.0000072600	9956.043993	402.418281
0.0000072700	9706.116271	393.586567
0.0000072800	9461.163079	384.636660
0.0000072900	9214.886258	375.569339
0.0000073000	8964.930712	366.385537
0.0000073100	8717.469386	357.086348
0.0000073200	8471.206478	347.673024
0.0000073300	8222.491086	338.146977
0.0000073400	7973.747869	328.509779
0.0000073500	7725.004653	318.763158
0.0000073600	7474.993458	308.909003
0.0000073700	7224.926613	298.949357
0.0000073800	6972.379460	288.886422
0.0000073900	6719.832308	278.722550
0.0000074000	6467.285155	268.460245
0.0000074100	6214.738002	258.102160
0.0000074200	5962.135200	247.651094
0.0000074300	5707.066002	237.109986
0.0000074400	5453.306520	226.481917
0.0000074500	5203.281412	215.770101
0.0000074600	4952.002238	204.977883
0.0000074700	4700.723064	194.108734
0.0000074800	4449.429978	183.166247
0.0000074900	4195.614847	172.154130
0.0000075000	3941.813627	161.076204
0.0000075100	3689.266475	149.936394
0.0000075200	3436.733234	138.738723
0.0000075300	3185.454060	127.487310
0.0000075400	2934.160974	116.186360
0.0000075500	2681.627733	104.840159
0.0000075600	2430.348559	93.453064
0.0000075700	2178.985912	82.029503
0.0000075800	1922.634823	70.573960
0.0000075900	1666.353295	59.090976
0.0000076000	1413.806142	47.585132
0.0000076100	1161.258990	36.061052
0.0000076200	908.711837	24.523387
0.0000076300	654.896705	12.976811
0.0000076400	401.081574	1.426016
0.0000076500	149.746751	-10.124302
0.0000076600	-104.068381	-21.669445
0.0000076700	-359.123666	-33.204725
0.0000076800	-611.670819	-44.725467
0.0000076900	-864.190147	-56.227022
0.0000077000	-1116.792949	-67.704769
0.0000077100	-1371.876059	-79.154129
0.0000077200	-1626.959170	-90.570565
0.0000077300	-1883.310258	-101.949597
0.0000077400	-2139.605698	-113.286802
0.0000077500	-2392.166763	-124.577827
0.0000077600	-2645.981895	-135.818392
0.0000077700	-2901.051093	-147.004298
0.0000077800	-3154.866224	-158.131435
0.0000077900	-3407.413377	-169.195786
0.0000078000	-3658.692551	-180.193435
0.0000078100	-3909.971725	-191.120570
0.0000078200	-4162.532790	-201.973493
0.0000078300	-4416.347922	-212.748622
0.0000078400	-4670.093492	-223.442498
0.0000078500	-4920.104687	-234.051787
0.0000078600	-5170.171531	-244.573290
0.0000078700	-5422.718684	-255.003940
0.0000078800	-5676.533816	-265.340813
0.0000078900	-5930.335035	-275.581127
0.0000079000	-6181.614209	-285.722245
0.0000079100	-6432.907295	-295.761683
0.0000079200	-6682.918490	-305.697108
0.0000079300	-6932.929686	-315.526339
0.0000079400	-7185.476839	-325.247355
0.0000079500	-7438.023991	-334.858290
0.0000079600	-7690.515495	-344.357441
0.0000079700	-7940.512778	-353.743261
0.0000079800	-8188.043665	-363.014367
0.0000079900	-8435.477166	-372.169534
0.0000080000	-8682.924579	-381.207699
0.0000080100	-8929.173575	-390.127959
0.0000080200	-9176.565340	-398.929570
0.0000080300	-9420.236641	-407.611947
0.0000080400	-9662.695613	-416.174660
0.0000080500	-9910.170851	-424.617435
0.0000080600	-10157.632177	-432.940147
0.0000080700	-10401.261742	-441.142826
0.0000080800	-10643.734626	-449.225646
0.0000080900	-10891.251600	-457.188924
0.0000081000	-11138.587716	-465.033120
0.0000081100	-11377.131453	-472.758829
0.0000081200	-11614.588072	-480.366780
0.0000081300	-11859.457791	-487.857831
0.0000081400	-12099.283420	-495.232963
0.0000081500	-12336.698301	-502.493278
0.0000081600	-12580.341778	-509.639991
0.0000081700	-12821.393649	-516.674429
0.0000081800	-13057.470991	-523.598022
0.0000081900	-13294.802399	-530.412300
0.0000082000	-13532.064245	-537.118886
0.0000082100	-13766.859696	-543.719490
0.0000082200	-14000.442817	-550.215906
0.0000082300	-14235.252180	-556.610002
0.0000082400	-14471.315609	-562.903718
0.0000082500	-14708.688754	-569.099057
0.0000082600	-14947.232492	-575.198079
0.0000082700	-15183.254184	-581.202898
0.0000082800	-15418.049635	-587.115670
0.0000082900	-15651.577107	-592.938594
0.0000083000	-15883.780951	-598.673900
0.0000083100	-16113.490574	-604.323845
0.0000083200	-16343.269759	-609.890708
0.0000083300	-16574.205624	-615.376780
0.0000083400	-16802.647269	-620.784363
0.0000083500	-17029.890496	-626.115762
0.0000083600	-17259.614032	-631.373278
0.0000083700	-17490.591634	-636.559203
0.0000083800	-17718.991542	-641.675816
0.0000083900	-17946.193032	-646.725375
0.0000084000	-18174.648589	-651.710115
0.0000084100	-18400.498628	-656.632238
0.0000084200	-18623.896182	-661.493915
0.0000084300	-18848.547803	-666.297274
0.0000084400	-19071.973182	-671.044402
0.0000084500	-19296.624802	-675.737334
0.0000084600	-19521.220774	-680.378057
0.0000084700	-19743.336437	-684.968498
0.0000084800	-19965.396452	-689.510526
0.0000084900	-20184.976158	-694.005948
0.0000085000	-20403.343534	-698.456502
0.0000085100	-20624.191218	-702.863860
0.0000085200	-20846.306882	-707.229620
0.0000085300	-21067.154566	-711.555308
0.0000085400	-21288.002251	-715.842372
0.0000085500	-21510.104002	-720.092185
0.0000085600	-21730.937774	-724.306039
0.0000085700	-21949.249502	-728.485146
0.0000085800	-22166.237601	-732.630637
0.0000085900	-22380.689743	-736.743561
0.0000086000	-22592.661576	-740.824885
0.0000086100	-22804.619498	-744.875494
0.0000086200	-23015.309440	-748.896189
0.0000086300	-23224.800965	-752.887691
0.0000086400	-23436.772799	-756.850638
0.0000086500	-23648.702896	-760.785589
0.0000086600	-23860.632992	-764.693024
0.0000086700	-24069.999307	-768.573345
0.0000086800	-24273.081377	-772.426877
0.0000086900	-24474.909381	-776.253871
0.0000087000	-24676.737385	-780.054506
0.0000087100	-24878.565389	-783.828892
0.0000087200	-25080.393392	-787.577070
0.0000087300	-25282.221396	-791.299016
0.0000087400	-25484.049400	-794.994644
0.0000087500	-25684.553776	-798.663810
0.0000087600	-25882.577843	-802.306313
0.0000087700	-26081.925539	-805.921898
0.0000087800	-26283.753542	-809.510262
0.0000087900	-26485.567634	-813.071056
0.0000088000	-26684.776206	-816.603888
0.0000088100	-26878.940689	-820.108327
0.0000088200	-27070.652687	-823.583907
0.0000088300	-27262.336861	-827.030131
0.0000088400	-27452.739144	-830.446474
0.0000088500	-27644.409406	-833.832389
0.0000088600	-27834.756040	-837.187306
0.0000088700	-28018.846253	-840.510643
0.0000088800	-28204.190534	-843.801802
0.0000088900	-28389.465253	-847.060180
0.0000089000	-28571.005597	-850.285169
0.0000089100	-28752.545941	-853.476160
0.0000089200	-28934.086285	-856.632546
0.0000089300	-29115.626629	-859.753730
0.0000089400	-29297.166973	-862.839121
0.0000089500	-29478.651668	-865.888145
0.0000089600	-29657.586494	-868.900245
0.0000089700	-29831.505053	-871.874883
0.0000089800	-30002.957217	-874.811546
0.0000089900	-30178.157667	-877.709746
0.0000090000	-30353.302469	-880.569025
0.0000090100	-30524.643334	-883.388958
0.0000090200	-30693.503891	-886.169153
0.0000090300	-30862.406184	-888.909256
0.0000090400	-31031.197180	-891.608952
0.0000090500	-31196.267713	-894.267966
0.0000090600	-31362.647961	-896.886067
0.0000090700	-31530.184890	-899.463068
0.0000090800	-31695.185862	-901.998829
0.0000090900	-31857.692613	-904.493256
0.0000091000	-32018.959210	-906.946304
0.0000091100	-32181.479873	-909.357976
0.0000091200	-32343.986624	-911.728327
0.0000091300	-32505.183659	-914.057458
0.0000091400	-32663.830825	-916.345524
0.0000091500	-32818.674055	-918.592730
0.0000091600	-32969.796822	-920.799328
0.0000091700	-33120.961325	-922.965624
0.0000091800	-33273.324246	-925.091970
0.0000091900	-33424.377452	-927.178767
0.0000092000	-33572.894700	-929.226465
0.0000092100	-33718.917728	-931.235558
0.0000092200	-33862.404798	-933.206586
0.0000092300	-34004.637802	-935.140131
0.0000092400	-34148.138784	-937.036819
0.0000092500	-34290.371788	-938.897315
0.0000092600	-34431.336812	-940.722320
0.0000092700	-34571.019946	-942.512572
0.0000092800	-34709.435102	-944.268843
0.0000092900	-34846.554453	-945.991935
0.0000093000	-34982.461476	-947.682678
0.0000093100	-35119.608652	-949.341930
0.0000093200	-35254.164222	-950.970569
0.0000093300	-35384.971505	-952.569495
0.0000093400	-35514.524721	-954.139626
0.0000093500	-35644.091850	-955.681892
0.0000093600	-35774.913045	-957.197236
0.0000093700	-35905.720328	-958.686610
0.0000093800	-36033.991653	-960.150968
0.0000093900	-36159.685284	-961.591269
0.0000094000	-36282.856870	-963.008470
0.0000094100	-36404.802214	-964.403522
0.0000094200	-36526.733646	-965.777372
0.0000094300	-36647.411011	-967.130952
0.0000094400	-36768.060552	-968.465185
0.0000094500	-36886.146311	-969.780973
0.0000094600	-37001.723937	-971.079201
0.0000094700	-37117.329387	-972.360731
0.0000094800	-37231.597297	-973.626399
0.0000094900	-37340.848942	-974.877012
0.0000095000	-37447.620278	-976.113349
0.0000095100	-37556.816273	-977.336151
0.0000095200	-37662.222245	-978.546128
0.0000095300	-37762.611951	-979.743949
0.0000095400	-37863.001656	-980.930242
0.0000095500	-37963.391362	-982.105595
0.0000095600	-38063.781068	-983.270550
0.0000095700	-38164.170773	-984.425602
0.0000095800	-38263.278588	-985.571201
0.0000095900	-38359.850445	-986.707745
0.0000096000	-38456.380566	-987.835583
0.0000096100	-38550.388641	-988.955013
0.0000096200	-38641.902496	-990.066278
0.0000096300	-38733.402438	-991.169572
0.0000096400	-38823.648314	-992.265030
0.0000096500	-38913.838541	-993.352738
0.0000096600	-39001.478898	-994.432723
0.0000096700	-39084.172550	-995.504962
0.0000096800	-39168.092445	-996.569375
0.0000096900	-39253.196844	-997.625829
0.0000097000	-39334.552957	-998.674137
0.0000097100	-39414.655003	-999.714062
0.0000097200	-39494.701400	-1000.745313
0.0000097300	-39572.253576	-1001.767548
0.0000097400	-39648.593423	-1002.780379
0.0000097500	-39724.849796	-1003.783367
0.0000097600	-39799.824278	-1004.776029
0.0000097700	-39873.502957	-1005.757836
0.0000097800	-39940.855655	-1006.728219
0.0000097900	-40001.938020	-1007.686565
0.0000098000	-40061.752406	-1008.632225
0.0000098100	-40121.566793	-1009.564515
0.0000098200	-40181.381179	-1010.482716
0.0000098300	-40241.126004	-1011.386079
0.0000098400	-40297.136454	-1012.273826
0.0000098500	-40351.892838	-1013.145155
0.0000098600	-40407.833727	-1013.999240
0.0000098700	-40460.026329	-1014.835237
0.0000098800	-40509.696886	-1015.652286
0.0000098900	-40559.367442	-1016.449510
0.0000099000	-40608.982350	-1017.226027
0.0000099100	-40656.047388	-1017.980944
0.0000099200	-40699.419788	-1018.713367
0.0000099300	-40742.806100	-1019.422398
0.0000099400	-40787.349092	-1020.107145
0.0000099500	-40829.356128	-1020.766719
0.0000099600	-40868.882854	-1021.400244
0.0000099700	-40908.409581	-1022.006852
0.0000099800	-40947.936308	-1022.585693
0.0000099900	-40987.449123	-1023.135935
0.0000100000	-41025.638310	-1023.656768
0.0000100100	-41058.825143	-1024.147404
0.0000100200	-41092.011976	-1024.607087
0.0000100300	-41123.875181	-1025.035088
0.0000100400	-41151.948363	-1025.430711
0.0000100500	-41178.725741	-1025.793297
0.0000100600	-41200.472941	-1026.122225
0.0000100700	-41219.712009	-1026.416915
0.0000100800	-41238.951076	-1026.676827
0.0000100900	-41258.190143	-1026.901469
0.0000101000	-41277.429210	-1027.090395
0.0000101100	-41296.654365	-1027.243207
0.0000101200	-41314.569805	-1027.359556
0.0000101300	-41329.949287	-1027.439149
0.0000101400	-41341.566569	-1027.481741
0.0000101500	-41351.929785	-1027.487146
0.0000101600	-41362.293002	-1027.455228
0.0000101700	-41371.388239	-1027.385911
0.0000101800	-41380.469564	-1027.279175
0.0000101900	-41388.296823	-1027.135055
0.0000102000	-41396.137994	-1026.953644
0.0000102100	-41405.163670	-1026.735093
0.0000102200	-41409.117431	-1026.479609
