Tiempo_(s)	Campo_(A/m)	Magnetizacion_(A/m)
0.0000000000	-41526.804839	-999.945221
0.0000000100	-41527.126493	-1000.102730
0.0000000200	-41527.872257	-1000.240813
0.0000000300	-41526.919220	-1000.359523
0.0000000400	-41522.572510	-1000.458939
0.0000000500	-41518.225801	-1000.539157
0.0000000600	-41514.303202	-1000.600294
0.0000000700	-41507.410255	-1000.642488
0.0000000800	-41497.544601	-1000.665896
0.0000000900	-41481.738252	-1000.670690
0.0000001000	-41461.265112	-1000.657062
0.0000001100	-41440.367861	-1000.625219
0.0000001200	-41421.592737	-1000.575381
0.0000001300	-41403.241724	-1000.507785
0.0000001400	-41381.069782	-1000.422676
0.0000001500	-41356.353176	-1000.320314
0.0000001600	-41332.062253	-1000.200964
0.0000001700	-41307.343288	-1000.064903
0.0000001800	-41278.807326	-999.912411
0.0000001900	-41248.998246	-999.743775
0.0000002000	-41220.462284	-999.559285
0.0000002100	-41191.926322	-999.359232
0.0000002200	-41161.267447	-999.143905
0.0000002300	-41127.639798	-998.913595
0.0000002400	-41092.736670	-998.668587
0.0000002500	-41055.288879	-998.409160
0.0000002600	-41016.567969	-998.135589
0.0000002700	-40976.997264	-997.848137
0.0000002800	-40936.579912	-997.547059
0.0000002900	-40897.009207	-997.232598
0.0000003000	-40853.619147	-996.904982
0.0000003100	-40809.382439	-996.564423
0.0000003200	-40766.415703	-996.211120
0.0000003300	-40715.811042	-995.845249
0.0000003400	-40663.512298	-995.466970
0.0000003500	-40615.453875	-995.076420
0.0000003600	-40559.331056	-994.673713
0.0000003700	-40496.420893	-994.258940
0.0000003800	-40436.905976	-993.832168
0.0000003900	-40376.116367	-993.393436
0.0000004000	-40311.084078	-992.942757
0.0000004100	-40247.326481	-992.480115
0.0000004200	-40183.140841	-992.005468
0.0000004300	-40110.893165	-991.518740
0.0000004400	-40036.101611	-991.019829
0.0000004500	-39963.429825	-990.508598
0.0000004600	-39884.816556	-989.984883
0.0000004700	-39804.932529	-989.448485
0.0000004800	-39729.290394	-988.899176
0.0000004900	-39648.554999	-988.336694
0.0000005000	-39566.974529	-987.760747
0.0000005100	-39489.636739	-987.171010
0.0000005200	-39408.051550	-986.567127
0.0000005300	-39320.951348	-985.948711
0.0000005400	-39232.578815	-985.315346
0.0000005500	-39143.780598	-984.666585
0.0000005600	-39052.861828	-984.001950
0.0000005700	-38960.669939	-983.320937
0.0000005800	-38868.478051	-982.623016
0.0000005900	-38776.286162	-981.907626
0.0000006000	-38681.971360	-981.174186
0.0000006100	-38584.686997	-980.422088
0.0000006200	-38487.826745	-979.650703
0.0000006300	-38388.843580	-978.859380
0.0000006400	-38286.466743	-978.047449
0.0000006500	-38185.363024	-977.214222
0.0000006600	-38084.259306	-976.358996
0.0000006700	-37981.033461	-975.481052
0.0000006800	-37876.533710	-974.579660
0.0000006900	-37771.186526	-973.654079
0.0000007000	-37665.414444	-972.703558
0.0000007100	-37556.246330	-971.727343
0.0000007200	-37443.684545	-970.724671
0.0000007300	-37331.122759	-969.694781
0.0000007400	-37216.862171	-968.636909
0.0000007500	-37099.632023	-967.550293
0.0000007600	-36981.553652	-966.434178
0.0000007700	-36862.626274	-965.287811
0.0000007800	-36744.123007	-964.110451
0.0000007900	-36625.194842	-962.901366
0.0000008000	-36503.721227	-961.659836
0.0000008100	-36381.398604	-960.385158
0.0000008200	-36258.651870	-959.076645
0.0000008300	-36135.905137	-957.733628
0.0000008400	-36011.035490	-956.355460
0.0000008500	-35882.770598	-954.941517
0.0000008600	-35751.535359	-953.491200
0.0000008700	-35617.330558	-952.003934
0.0000008800	-35482.276750	-950.479176
0.0000008900	-35344.675917	-948.916410
0.0000009000	-35203.256516	-947.315153
0.0000009100	-35061.413791	-945.674954
0.0000009200	-34920.843398	-943.995398
0.0000009300	-34779.423210	-942.276102
0.0000009400	-34636.306580	-940.516722
0.0000009500	-34493.189949	-938.716951
0.0000009600	-34350.073319	-936.876520
0.0000009700	-34206.106894	-934.995199
0.0000009800	-34059.595019	-933.072798
0.0000009900	-33910.536906	-931.109166
0.0000010000	-33760.630573	-929.104192
0.0000010100	-33611.148350	-927.057808
0.0000010200	-33459.967324	-924.969984
0.0000010300	-33306.665746	-922.840730
0.0000010400	-33153.364167	-920.670096
0.0000010500	-32998.789470	-918.458174
0.0000010600	-32842.941654	-916.205092
0.0000010700	-32687.517162	-913.911016
0.0000010800	-32529.546433	-911.576150
0.0000010900	-32369.879262	-909.200734
0.0000011000	-32210.212091	-906.785043
0.0000011100	-32048.422793	-904.329384
0.0000011200	-31886.210171	-901.834096
0.0000011300	-31724.420087	-899.299550
0.0000011400	-31560.083765	-896.726143
0.0000011500	-31394.051788	-894.114299
0.0000011600	-31229.292142	-891.464467
0.0000011700	-31062.409584	-888.777116
0.0000011800	-30893.830582	-886.052737
0.0000011900	-30723.978463	-883.291837
0.0000012000	-30549.031509	-880.494937
0.0000012100	-30370.267560	-877.662572
0.0000012200	-30191.927721	-874.795283
0.0000012300	-30012.738087	-871.893621
0.0000012400	-29831.427901	-868.958137
0.0000012500	-29648.844596	-865.989385
0.0000012600	-29464.988172	-862.987915
0.0000012700	-29281.131749	-859.954273
0.0000012800	-29096.425530	-856.888993
0.0000012900	-28910.022870	-853.792600
0.0000013000	-28724.470003	-850.665602
0.0000013100	-28540.613580	-847.508490
0.0000013200	-28355.058354	-844.321731
0.0000013300	-28167.382575	-841.105770
0.0000013400	-27980.555803	-837.861021
0.0000013500	-27791.181222	-834.587869
0.0000013600	-27597.563960	-831.286664
0.0000013700	-27403.522588	-827.957719
0.0000013800	-27209.481216	-824.601304
0.0000013900	-27016.289639	-821.217649
0.0000014000	-26823.944709	-817.806936
0.0000014100	-26629.053543	-814.369298
0.0000014200	-26431.616926	-810.904817
0.0000014300	-26233.756199	-807.413520
0.0000014400	-26036.744479	-803.895378
0.0000014500	-25838.033957	-800.350301
0.0000014600	-25638.476787	-796.778141
0.0000014700	-25440.616059	-793.178684
0.0000014800	-25239.783411	-789.551653
0.0000014900	-25035.981201	-785.896703
0.0000015000	-24831.754881	-782.213421
0.0000015100	-24626.678766	-778.501325
0.0000015200	-24418.633090	-774.759861
0.0000015300	-24211.437209	-770.988403
0.0000015400	-24006.361094	-767.186255
0.0000015500	-23799.588536	-763.352646
0.0000015600	-23593.665774	-759.486732
0.0000015700	-23387.316540	-755.587595
0.0000015800	-23177.148738	-751.654244
0.0000015900	-22967.829943	-747.685615
0.0000016000	-22757.661355	-743.680571
0.0000016100	-22543.250086	-739.637904
0.0000016200	-22328.838817	-735.556334
0.0000016300	-22112.728746	-731.434513
0.0000016400	-21892.375209	-727.271022
0.0000016500	-21670.749340	-723.064379
0.0000016600	-21449.972479	-718.813036
0.0000016700	-21227.922499	-714.515381
0.0000016800	-21003.750392	-710.169744
0.0000016900	-20779.154176	-705.774397
0.0000017000	-20554.557959	-701.327556
0.0000017100	-20329.961742	-696.827388
0.0000017200	-20105.365525	-692.272008
0.0000017300	-19880.769308	-687.659489
0.0000017400	-19656.173091	-682.987861
0.0000017500	-19429.454748	-678.255116
0.0000017600	-19202.312294	-673.459215
0.0000017700	-18976.442958	-668.598085
0.0000017800	-18750.573623	-663.669631
0.0000017900	-18523.431169	-658.671738
0.0000018000	-18295.439707	-653.602271
0.0000018100	-18067.023348	-648.459088
0.0000018200	-17836.484862	-643.240037
0.0000018300	-17603.400926	-637.942967
0.0000018400	-17368.619761	-632.565729
0.0000018500	-17134.688390	-627.106185
0.0000018600	-16903.303256	-621.562207
0.0000018700	-16673.613779	-615.931691
0.0000018800	-16441.802175	-610.212555
0.0000018900	-16207.445120	-604.402747
0.0000019000	-15972.663955	-598.500253
0.0000019100	-15737.882789	-592.503098
0.0000019200	-15503.101624	-586.409355
0.0000019300	-15267.470664	-580.217147
0.0000019400	-15030.143262	-573.924657
0.0000019500	-14791.542741	-567.530130
0.0000019600	-14552.942220	-561.031878
0.0000019700	-14316.464613	-554.428287
0.0000019800	-14078.711526	-547.717824
0.0000019900	-13837.988879	-540.899036
0.0000020000	-13599.814042	-533.970561
0.0000020100	-13361.636845	-526.931130
0.0000020200	-13119.640293	-519.779572
0.0000020300	-12877.646100	-512.514820
0.0000020400	-12637.772461	-505.135912
0.0000020500	-12396.200019	-497.642001
0.0000020600	-12152.507811	-490.032351
0.0000020700	-11910.937729	-482.306349
0.0000020800	-11668.941176	-474.463504
0.0000020900	-11423.548592	-466.503450
0.0000021000	-11176.036242	-458.425953
0.0000021100	-10929.373685	-450.230910
0.0000021200	-10684.407572	-441.918353
0.0000021300	-10438.591664	-433.488453
0.0000021400	-10191.079313	-424.941520
0.0000021500	-9944.416757	-416.278007
0.0000021600	-9699.450643	-407.498509
0.0000021700	-9453.211411	-398.603767
0.0000021800	-9205.272590	-389.594666
0.0000021900	-8954.364995	-380.472241
0.0000022000	-8703.883083	-371.237671
0.0000022100	-8453.398811	-361.892283
0.0000022200	-8201.643781	-352.437554
0.0000022300	-7953.283209	-342.875103
0.0000022400	-7704.497740	-333.206700
0.0000022500	-7454.439152	-323.434256
0.0000022600	-7203.530770	-313.559827
0.0000022700	-6951.350056	-303.585613
0.0000022800	-6700.018350	-293.513951
0.0000022900	-6449.536438	-283.347317
0.0000023000	-6199.478637	-273.088324
0.0000023100	-5948.571041	-262.739713
0.0000023200	-5695.966216	-252.304360
0.0000023300	-5442.937281	-241.785262
0.0000023400	-5191.605575	-231.185541
0.0000023500	-4942.819319	-220.508437
0.0000023600	-4693.184055	-209.757302
0.0000023700	-4441.003341	-198.935601
0.0000023800	-4187.124611	-188.046901
0.0000023900	-3931.974336	-177.094871
0.0000024000	-3676.824060	-166.083273
0.0000024100	-3421.671425	-155.015960
0.0000024200	-3165.247245	-143.896870
0.0000024300	-2910.096970	-132.730016
0.0000024400	-2657.492931	-121.519486
0.0000024500	-2404.039099	-110.269434
0.0000024600	-2148.037456	-98.984072
0.0000024700	-1887.793133	-87.667669
0.0000024800	-1625.427471	-76.324539
0.0000024900	-1365.183935	-64.959038
0.0000025000	-1107.488995	-53.575554
0.0000025100	-853.187728	-42.178503
0.0000025200	-600.156433	-30.772325
0.0000025300	-343.732252	-19.361468
0.0000025400	-87.308859	-7.950390
0.0000025500	168.691998	3.456450
0.0000025600	426.389297	14.854604
0.0000025700	683.236801	26.239633
0.0000025800	938.811974	37.607123
0.0000025900	1194.812830	48.952685
0.0000026000	1451.660335	60.271965
0.0000026100	1704.687697	71.560649
0.0000026200	1954.747071	82.814473
0.0000026300	2206.079564	94.029224
0.0000026400	2460.806515	105.200750
0.0000026500	2717.230696	116.324967
0.0000026600	2971.532750	127.397861
0.0000026700	3226.683812	138.415499
0.0000026800	3482.260557	149.374031
0.0000026900	3738.260627	160.269695
0.0000027000	3992.986005	171.098826
0.0000027100	4245.165933	181.857859
0.0000027200	4498.619765	192.543334
0.0000027300	4751.223803	203.151898
0.0000027400	5000.433383	213.680316
0.0000027500	5250.491971	224.125470
0.0000027600	5503.096796	234.484362
0.0000027700	5754.852613	244.754123
0.0000027800	6003.637295	254.932010
0.0000027900	6252.848448	265.015416
0.0000028000	6505.453273	275.001866
0.0000028100	6757.208303	284.889025
0.0000028200	7007.266891	294.674695
0.0000028300	7258.174487	304.356823
0.0000028400	7507.384067	313.933498
0.0000028500	7754.471520	323.402953
0.0000028600	8000.710752	332.763568
0.0000028700	8245.676866	342.013870
0.0000028800	8490.642979	351.152530
0.0000028900	8737.731219	360.178371
0.0000029000	8986.516688	369.090357
0.0000029100	9233.180031	377.887604
0.0000029200	9482.390397	386.569369
0.0000029300	9732.448985	395.135057
0.0000029400	9978.263320	403.584215
0.0000029500	10223.229434	411.916529
0.0000029600	10468.195547	420.131829
0.0000029700	10713.161661	428.230078
0.0000029800	10957.277980	436.211379
0.0000029900	11199.697856	444.075962
0.0000030000	11442.967527	451.824189
0.0000030100	11687.933641	459.456548
0.0000030200	11932.049960	466.973651
0.0000030300	12174.469836	474.376225
0.0000030400	12416.466389	481.665116
0.0000030500	12660.159384	488.841279
0.0000030600	12904.276489	495.905778
0.0000030700	13147.969484	502.859778
0.0000030800	13391.238369	509.704543
0.0000030900	13633.232561	516.441429
0.0000031000	13873.529525	523.071881
0.0000031100	14111.706722	529.597429
0.0000031200	14351.580361	536.019680
0.0000031300	14592.726332	542.340315
0.0000031400	14831.750964	548.561082
0.0000031500	15068.229358	554.683794
0.0000031600	15301.737405	560.710319
0.0000031700	15536.094460	566.642580
0.0000031800	15772.148743	572.482543
0.0000031900	16008.627138	578.232219
0.0000032000	16244.681421	583.893652
0.0000032100	16478.612792	589.468918
0.0000032200	16709.574602	594.960118
0.0000032300	16941.386206	600.369372
0.0000032400	17176.167371	605.698814
0.0000032500	17410.098742	610.950588
0.0000032600	17641.483875	616.126842
0.0000032700	17869.899448	621.229724
0.0000032800	18097.466013	626.261373
0.0000032900	18324.608467	631.223921
0.0000033000	18550.477802	636.119482
0.0000033100	18775.498130	640.950151
0.0000033200	19001.367465	645.717997
0.0000033300	19227.236801	650.425063
0.0000033400	19452.682025	655.073357
0.0000033500	19678.551361	659.664851
0.0000033600	19903.571688	664.201476
0.0000033700	20128.167905	668.685121
0.0000033800	20352.764122	673.117623
0.0000033900	20577.360339	677.500773
0.0000034000	20801.956556	681.836307
0.0000034100	21025.703765	686.125904
0.0000034200	21246.903950	690.371184
0.0000034300	21467.256701	694.573706
0.0000034400	21688.457673	698.734968
0.0000034500	21903.290692	702.856399
0.0000034600	22112.609487	706.939363
0.0000034700	22321.928281	710.985158
0.0000034800	22532.096083	714.995009
0.0000034900	22746.508925	718.970072
0.0000035000	22960.918621	722.911432
0.0000035100	23171.934644	726.820104
0.0000035200	23382.526557	730.697029
0.0000035300	23590.146549	734.543075
0.0000035400	23794.372869	738.359042
0.0000035500	23998.599190	742.145655
0.0000035600	24202.825510	745.903570
0.0000035700	24407.051830	749.633373
0.0000035800	24611.278151	753.335578
0.0000035900	24815.504471	757.010634
0.0000036000	25018.880997	760.658924
0.0000036100	25220.561080	764.280761
0.0000036200	25421.817839	767.876401
0.0000036300	25623.921246	771.446032
0.0000036400	25823.478416	774.989788
0.0000036500	26020.915820	778.507741
0.0000036600	26220.049666	781.999911
0.0000036700	26417.484710	785.466263
0.0000036800	26611.950192	788.906713
0.0000036900	26805.991564	792.321128
0.0000037000	26998.759818	795.709331
0.0000037100	27190.679063	799.071105
0.0000037200	27383.447316	802.406189
0.0000037300	27574.941665	805.714289
0.0000037400	27764.314673	808.995079
0.0000037500	27953.263571	812.248198
0.0000037600	28140.089556	815.473264
0.0000037700	28325.643208	818.669866
0.0000037800	28510.772751	821.837574
0.0000037900	28694.629174	824.975942
0.0000038000	28878.485598	828.084508
0.0000038100	29061.493014	831.162798
0.0000038200	29244.076319	834.210330
0.0000038300	29426.235513	837.226619
0.0000038400	29608.818818	840.211174
0.0000038500	29790.553115	843.163509
0.0000038600	29969.740389	846.083139
0.0000038700	30146.381425	848.969586
0.0000038800	30321.750916	851.822381
0.0000038900	30497.119621	854.641069
0.0000039000	30668.667396	857.425206
0.0000039100	30836.396603	860.174369
0.0000039200	31003.279162	862.888151
0.0000039300	31170.585044	865.566169
0.0000039400	31336.192124	868.208064
0.0000039500	31499.678651	870.813499
0.0000039600	31663.165178	873.382169
0.0000039700	31825.801911	875.913797
0.0000039800	31986.742201	878.408136
0.0000039900	32147.683277	880.864972
0.0000040000	32308.197883	883.284126
0.0000040100	32465.742141	885.665451
0.0000040200	32623.288760	888.008839
0.0000040300	32781.682812	890.314218
0.0000040400	32937.104944	892.581552
0.0000040500	33090.406523	894.810844
0.0000040600	33243.708102	897.002135
0.0000040700	33397.009680	899.155506
0.0000040800	33550.311259	901.271076
0.0000040900	33701.914035	903.349001
0.0000041000	33849.697456	905.389479
0.0000041100	33994.087205	907.392743
0.0000041200	34138.476954	909.359065
0.0000041300	34284.988829	911.288754
0.0000041400	34430.651696	913.182155
0.0000041500	34574.192437	915.039650
0.0000041600	34717.309068	916.861652
0.0000041700	34860.425698	918.648610
0.0000041800	35002.692534	920.401004
0.0000041900	35141.989808	922.119345
0.0000042000	35278.315162	923.804173
0.0000042100	35410.821160	925.456055
0.0000042200	35542.479724	927.075585
0.0000042300	35675.411406	928.663380
0.0000042400	35807.070756	930.220081
0.0000042500	35936.606406	931.746347
0.0000042600	36062.322701	933.242859
0.0000042700	36185.493545	934.710311
0.0000042800	36308.240279	936.149414
0.0000042900	36430.987013	937.560890
0.0000043000	36553.733746	938.945473
0.0000043100	36676.480480	940.303902
0.0000043200	36799.227214	941.636926
0.0000043300	36920.275145	942.945296
0.0000043400	37037.079610	944.229764
0.0000043500	37149.641395	945.491082
0.0000043600	37261.354173	946.730001
0.0000043700	37373.915958	947.947265
0.0000043800	37486.477744	949.143613
0.0000043900	37598.190521	950.319774
0.0000044000	37709.479188	951.476468
0.0000044100	37819.493950	952.614400
0.0000044200	37925.264458	953.734262
0.0000044300	38028.915201	954.836729
0.0000044400	38133.838275	955.922459
0.0000044500	38237.061760	956.992088
0.0000044600	38336.892360	958.046232
0.0000044700	38436.299636	959.085484
0.0000044800	38535.280441	960.110413
0.0000044900	38630.866002	961.121562
0.0000045000	38724.331009	962.119446
0.0000045100	38815.673890	963.104554
0.0000045200	38905.742865	964.077346
0.0000045300	38996.237525	965.038250
0.0000045400	39085.034169	965.987666
0.0000045500	39171.284575	966.925960
0.0000045600	39257.110871	967.853469
0.0000045700	39344.210286	968.770496
0.0000045800	39430.460693	969.677312
0.0000045900	39515.013083	970.574155
0.0000046000	39596.171016	971.461229
0.0000046100	39674.782711	972.338707
0.0000046200	39756.366328	973.206729
0.0000046300	39837.947584	974.065402
0.0000046400	39913.162461	974.914801
0.0000046500	39984.134659	975.754969
0.0000046600	40053.410414	976.585919
0.0000046700	40123.535964	977.407633
0.0000046800	40193.659153	978.220064
0.0000046900	40258.689869	979.023136
0.0000047000	40320.326912	979.816746
0.0000047100	40381.963956	980.600764
0.0000047200	40443.601000	981.375034
0.0000047300	40505.238044	982.139377
0.0000047400	40566.026080	982.893590
0.0000047500	40626.390005	983.637451
0.0000047600	40685.480811	984.370714
0.0000047700	40739.900895	985.093119
0.0000047800	40787.531275	985.804385
0.0000047900	40831.344659	986.504219
0.0000048000	40874.734719	987.192312
0.0000048100	40918.548103	987.868344
0.0000048200	40960.661898	988.531985
0.0000048300	40999.382808	989.182895
0.0000048400	41038.953513	989.820729
0.0000048500	41078.947542	990.445136
0.0000048600	41116.819444	991.055760
0.0000048700	41153.417441	991.652245
0.0000048800	41188.318208	992.234235
0.0000048900	41221.097636	992.801376
0.0000049000	41252.603946	993.353316
0.0000049100	41282.837137	993.889709
0.0000049200	41310.523304	994.410215
0.0000049300	41335.663234	994.914501
0.0000049400	41359.106722	995.402247
0.0000049500	41381.277091	995.873140
0.0000049600	41402.598452	996.326883
0.0000049700	41423.495702	996.763188
0.0000049800	41443.543158	997.181787
0.0000049900	41461.044377	997.582425
0.0000050000	41477.698948	997.964864
0.0000050100	41494.776843	998.328886
0.0000050200	41509.306140	998.674289
0.0000050300	41521.291561	999.000895
0.0000050400	41532.853658	999.308541
0.0000050500	41543.140276	999.597090
0.0000050600	41548.334420	999.866423
0.0000050700	41549.285885	1000.116446
0.0000050800	41549.813239	1000.347085
0.0000050900	41550.340592	1000.558288
0.0000051000	41550.867946	1000.750027
0.0000051100	41551.395300	1000.922297
0.0000051200	41550.223851	1001.075114
0.0000051300	41544.808937	1001.208516
0.0000051400	41539.396382	1001.322564
0.0000051500	41535.255372	1001.417338
0.0000051600	41527.718331	1001.492943
0.0000051700	41518.060736	1001.549499
0.0000051800	41507.554134	1001.587150
0.0000051900	41495.773626	1001.606055
0.0000052000	41482.296676	1001.606394
0.0000052100	41466.697599	1001.588361
0.0000052200	41448.551499	1001.552166
0.0000052300	41428.708956	1001.498035
0.0000052400	41408.866414	1001.426205
0.0000052500	41389.023871	1001.336927
0.0000052600	41369.181328	1001.230461
0.0000052700	41348.489777	1001.107076
0.0000052800	41325.675313	1000.967048
0.0000052900	41299.043067	1000.810662
0.0000053000	41271.985137	1000.638204
0.0000053100	41241.531962	1000.449964
0.0000053200	41206.836107	1000.246234
0.0000053300	41171.716142	1000.027303
0.0000053400	41135.323058	999.793460
0.0000053500	41096.382164	999.544990
0.0000053600	41054.896606	999.282170
0.0000053700	41013.410262	999.005273
0.0000053800	40970.651585	998.714560
0.0000053900	40928.742703	998.410282
0.0000054000	40887.681256	998.092680
0.0000054100	40843.223777	997.761977
0.0000054200	40794.522831	997.418383
0.0000054300	40745.398562	997.062090
0.0000054400	40694.151380	996.693272
0.0000054500	40636.962715	996.312082
0.0000054600	40579.776411	995.918651
0.0000054700	40525.558881	995.513088
0.0000054800	40467.097098	995.095479
0.0000054900	40406.941232	994.665882
0.0000055000	40350.178252	994.224332
0.0000055100	40290.866675	993.770833
0.0000055200	40226.888307	993.305364
0.0000055300	40161.213497	992.827874
0.0000055400	40092.566765	992.338279
0.0000055500	40019.676568	991.836470
0.0000055600	39945.089928	991.322304
0.0000055700	39867.532153	990.795606
0.0000055800	39787.004031	990.256172
0.0000055900	39706.051798	989.703764
0.0000056000	39625.099566	989.138113
0.0000056100	39544.147333	988.558918
0.0000056200	39462.345306	987.965847
0.0000056300	39377.997041	987.358537
0.0000056400	39291.529010	986.736593
0.0000056500	39204.635296	986.099591
0.0000056600	39118.590589	985.447075
0.0000056700	39032.545882	984.778562
0.0000056800	38942.679459	984.093542
0.0000056900	38846.873128	983.391475
0.0000057000	38749.371141	982.671797
0.0000057100	38654.414604	981.933919
0.0000057200	38558.184162	981.177227
0.0000057300	38460.681389	980.401088
0.0000057400	38362.329607	979.604845
0.0000057500	38261.431588	978.787824
0.0000057600	38160.109459	977.949332
0.0000057700	38058.787329	977.088663
0.0000057800	37957.465200	976.205095
0.0000057900	37855.293276	975.297894
0.0000058000	37750.151791	974.366317
0.0000058100	37643.737188	973.409612
0.0000058200	37536.472790	972.427022
0.0000058300	37424.964139	971.417786
0.0000058400	37309.637705	970.381140
0.0000058500	37194.311272	969.316322
0.0000058600	37076.437028	968.222571
0.0000058700	36955.594797	967.099131
0.0000058800	36836.449008	965.945253
0.0000058900	36715.180306	964.760199
0.0000059000	36592.215161	963.543238
0.0000059100	36470.523135	962.293655
0.0000059200	36348.831109	961.010751
0.0000059300	36225.016170	959.693842
0.0000059400	36099.504788	958.342265
0.0000059500	35973.144399	956.955380
0.0000059600	35844.236985	955.532567
0.0000059700	35714.906248	954.073233
0.0000059800	35584.726503	952.576813
0.0000059900	35451.576410	951.042768
0.0000060000	35317.577309	949.470592
0.0000060100	35183.577422	947.859809
0.0000060200	35046.607187	946.209977
0.0000060300	34906.242493	944.520688
0.0000060400	34764.604681	942.791571
0.0000060500	34622.542758	941.022289
0.0000060600	34480.480836	939.212545
0.0000060700	34338.418913	937.362081
0.0000060800	34195.507983	935.470674
0.0000060900	34052.172941	933.538146
0.0000061000	33908.413789	931.564356
0.0000061100	33764.228954	929.549204
0.0000061200	33616.648873	927.492629
0.0000061300	33464.826113	925.394613
0.0000061400	33313.428250	923.255176
0.0000061500	33162.454497	921.074379
0.0000061600	33007.659816	918.852322
0.0000061700	32848.621668	916.589142
0.0000061800	32688.312762	914.285017
0.0000061900	32528.427180	911.940158
0.0000062000	32367.691803	909.554815
0.0000062100	32205.259984	907.129270
0.0000062200	32041.978370	904.663839
0.0000062300	31875.301511	902.158870
0.0000062400	31707.353893	899.614739
0.0000062500	31539.829600	897.031850
0.0000062600	31370.182393	894.410635
0.0000062700	31198.838744	891.751546
0.0000062800	31026.646087	889.055061
0.0000062900	30853.179525	886.321672
0.0000063000	30678.016520	883.551891
0.0000063100	30502.854302	880.746242
0.0000063200	30328.114621	877.905263
0.0000063300	30149.555585	875.029498
0.0000063400	29968.026988	872.119497
0.0000063500	29787.771509	869.175813
0.0000063600	29607.940141	866.198998
0.0000063700	29426.411543	863.189603
0.0000063800	29243.609827	860.148170
0.0000063900	29060.808111	857.075232
0.0000064000	28878.006395	853.971309
0.0000064100	28695.204679	850.836906
0.0000064200	28511.553955	847.672507
0.0000064300	28325.780318	844.478576
0.0000064400	28138.735136	841.255548
0.0000064500	27953.812867	838.003833
0.0000064600	27771.011151	834.723805
0.0000064700	27586.510633	831.415805
0.0000064800	27396.917640	828.080137
0.0000064900	27203.930976	824.717061
0.0000065000	27009.245509	821.326795
0.0000065100	26810.317363	817.909509
0.0000065200	26609.691987	814.465323
0.0000065300	26408.216817	810.994306
0.0000065400	26205.045205	807.496471
0.0000065500	26001.873592	803.971774
0.0000065600	25798.701979	800.420112
0.0000065700	25595.530367	796.841318
0.0000065800	25393.631873	793.235165
0.0000065900	25191.733379	789.601358
0.0000066000	24988.561766	785.939535
0.0000066100	24783.267240	782.249266
0.0000066200	24575.003153	778.530051
0.0000066300	24367.163177	774.781318
0.0000066400	24159.323201	771.002425
0.0000066500	23949.785996	767.192655
0.0000066600	23738.125878	763.351220
0.0000066700	23524.769317	759.477257
0.0000066800	23312.261764	755.569831
0.0000066900	23100.178321	751.627932
0.0000067000	22888.518989	747.650477
0.0000067100	22675.585752	743.636312
0.0000067200	22458.833160	739.584210
0.0000067300	22240.384911	735.492875
0.0000067400	22021.086868	731.360940
0.0000067500	21800.940604	727.186972
0.0000067600	21583.340577	722.969470
0.0000067700	21365.315653	718.706871
0.0000067800	21145.593499	714.397548
0.0000067900	20925.870559	710.039816
0.0000068000	20704.026279	705.631933
0.0000068100	20480.908880	701.172103
0.0000068200	20257.367371	696.658478
0.0000068300	20033.825861	692.089165
0.0000068400	19810.284352	687.462223
0.0000068500	19586.742843	682.775674
0.0000068600	19363.201334	678.027501
0.0000068700	19139.659824	673.215656
0.0000068800	18915.268521	668.338061
0.0000068900	18687.481185	663.392615
0.0000069000	18456.300965	658.377197
0.0000069100	18225.121531	653.289671
0.0000069200	17993.942097	648.127891
0.0000069300	17763.610884	642.889706
0.0000069400	17534.127106	637.572964
0.0000069500	17304.220004	632.175518
0.0000069600	17073.039784	626.695232
0.0000069700	16840.586445	621.129985
0.0000069800	16608.133106	615.477676
0.0000069900	16372.708633	609.736231
0.0000070000	16136.435938	603.903608
0.0000070100	15902.285370	597.977801
0.0000070200	15666.435999	591.956846
0.0000070300	15428.041178	585.838829
0.0000070400	15191.345159	579.621887
0.0000070500	14955.071678	573.304218
0.0000070600	14716.676857	566.884084
0.0000070700	14479.980838	560.359814
0.0000070800	14243.707357	553.729814
0.0000070900	14005.312536	546.992571
0.0000071000	13765.644596	540.146653
0.0000071100	13524.278641	533.190723
0.0000071200	13283.763266	526.123535
0.0000071300	13044.944335	518.943943
0.0000071400	12805.275608	511.650906
0.0000071500	12563.910440	504.243491
0.0000071600	12323.395065	496.720878
0.0000071700	12083.727126	489.082361
0.0000071800	11841.088838	481.327358
0.0000071900	11599.723669	473.455408
0.0000072000	11359.630833	465.466179
0.0000072100	11116.566861	457.359469
0.0000072200	10871.383123	449.135207
0.0000072300	10627.897401	440.793462
0.0000072400	10383.560312	432.334437
0.0000072500	10136.676985	423.758480
0.0000072600	9889.794445	415.066078
0.0000072700	9641.640359	406.257862
0.0000072800	9394.760179	397.334610
0.0000072900	9152.970899	388.297244
0.0000073000	8910.756723	379.146834
0.0000073100	8663.873396	369.884598
0.0000073200	8414.018934	360.511900
0.0000073300	8163.318612	351.030250
0.0000073400	7913.465724	341.441309
0.0000073500	7661.914820	331.746879
0.0000073600	7409.940592	321.948909
0.0000073700	7159.241056	312.049491
0.0000073800	6910.661287	302.050858
0.0000073900	6660.807612	291.955384
0.0000074000	6411.380408	281.765579
0.0000074100	6161.950058	271.484087
0.0000074200	5908.277027	261.113686
0.0000074300	5653.757349	250.657278
0.0000074400	5399.660995	240.117896
0.0000074500	5145.564641	229.498690
0.0000074600	4891.468287	218.802927
0.0000074700	4637.371932	208.033991
0.0000074800	4383.275578	197.195370
0.0000074900	4129.179224	186.290658
0.0000075000	3875.932664	175.323548
0.0000075100	3624.382547	164.297825
0.0000075200	3371.982635	153.217365
0.0000075300	3117.886281	142.086122
0.0000075400	2863.789927	130.908132
0.0000075500	2612.239810	119.687498
0.0000075600	2360.689693	108.428390
0.0000075700	2106.593338	97.135035
0.0000075800	1851.647190	85.811712
0.0000075900	1593.731480	74.462748
0.0000076000	1336.665564	63.092506
0.0000076100	1081.296092	51.705384
0.0000076200	825.926619	40.305804
0.0000076300	571.830265	28.898206
0.0000076400	316.884903	17.487045
0.0000076500	61.515430	6.076777
0.0000076600	-194.278154	-5.328140
0.0000076700	-449.647626	-16.723259
0.0000076800	-704.592988	-28.104148
0.0000076900	-960.812256	-39.466398
0.0000077000	-1217.878958	-50.805627
0.0000077100	-1473.671754	-62.117492
0.0000077200	-1727.768109	-73.397691
0.0000077300	-1981.864463	-84.641971
0.0000077400	-2235.111023	-95.846134
0.0000077500	-2486.661140	-107.006044
0.0000077600	-2739.910846	-118.117635
0.0000077700	-2997.402445	-129.176913
0.0000077800	-3254.468360	-140.179963
0.0000077900	-3508.988825	-151.122958
0.0000078000	-3761.387164	-162.002161
0.0000078100	-4012.937281	-172.813929
0.0000078200	-4266.185414	-183.554724
0.0000078300	-4520.281768	-194.221112
0.0000078400	-4772.255209	-204.809771
0.0000078500	-5022.532208	-215.317492
0.0000078600	-5275.781127	-225.741188
0.0000078700	-5531.150600	-236.077893
0.0000078800	-5785.671065	-246.324768
0.0000078900	-6039.767419	-256.479107
0.0000079000	-6292.590655	-266.538332
0.0000079100	-6545.413891	-276.500004
0.0000079200	-6797.387332	-286.361822
0.0000079300	-7046.391212	-296.121626
0.0000079400	-7296.244886	-305.777396
0.0000079500	-7547.370106	-315.327257
0.0000079600	-7798.920223	-324.769480
0.0000079700	-8048.772325	-334.102480
0.0000079800	-8295.654078	-343.324822
0.0000079900	-8544.658745	-352.435214
0.0000080000	-8791.114028	-361.432513
0.0000080100	-9031.629402	-370.315724
0.0000080200	-9274.270050	-379.083995
0.0000080300	-9521.151017	-387.736623
0.0000080400	-9765.484960	-396.273047
0.0000080500	-10006.850915	-404.692849
0.0000080600	-10247.367076	-412.995752
0.0000080700	-10486.186008	-421.181618
0.0000080800	-10726.278058	-429.250448
0.0000080900	-10965.096990	-437.202373
0.0000081000	-11203.915922	-445.037660
0.0000081100	-11444.856980	-452.756701
0.0000081200	-11684.100022	-460.360016
0.0000081300	-11921.220152	-467.848245
0.0000081400	-12158.767538	-475.222146
0.0000081500	-12398.859588	-482.482593
0.0000081600	-12638.102631	-489.630568
0.0000081700	-12877.770570	-496.667161
0.0000081800	-13117.436937	-503.593561
0.0000081900	-13352.860623	-510.411057
0.0000082000	-13587.860200	-517.121027
0.0000082100	-13822.859776	-523.724938
0.0000082200	-14057.435241	-530.224340
0.0000082300	-14293.707936	-536.620858
0.0000082400	-14529.131623	-542.916191
0.0000082500	-14763.707875	-549.112103
0.0000082600	-14999.980569	-555.210423
0.0000082700	-15235.403470	-561.213031
0.0000082800	-15469.129927	-567.121863
0.0000082900	-15702.856385	-572.938896
0.0000083000	-15937.855961	-578.666150
0.0000083100	-16172.855537	-584.305677
0.0000083200	-16406.581994	-589.859561
0.0000083300	-16639.035334	-595.329906
0.0000083400	-16870.215554	-600.718837
0.0000083500	-17101.819099	-606.028493
0.0000083600	-17332.150311	-611.261017
0.0000083700	-17562.057413	-616.418559
0.0000083800	-17790.690610	-621.503263
0.0000083900	-18016.778356	-626.517270
0.0000084000	-18242.017095	-631.462705
0.0000084100	-18465.982715	-636.341679
0.0000084200	-18689.524224	-641.156280
0.0000084300	-18913.065733	-645.908573
0.0000084400	-19135.758234	-650.600591
0.0000084500	-19358.026625	-655.234333
0.0000084600	-19581.144024	-659.811762
0.0000084700	-19804.685533	-664.334798
0.0000084800	-20028.227042	-668.805318
0.0000084900	-20251.768551	-673.225148
0.0000085000	-20475.310061	-677.596065
0.0000085100	-20698.851570	-681.919791
0.0000085200	-20922.393079	-686.197991
0.0000085300	-21144.235786	-690.432269
0.0000085400	-21361.835027	-694.624170
0.0000085500	-21576.464706	-698.775174
0.0000085600	-21791.518496	-702.886694
0.0000085700	-22006.997184	-706.960079
0.0000085800	-22222.475871	-710.996607
0.0000085900	-22437.529661	-714.997487
0.0000086000	-22651.310333	-718.963857
0.0000086100	-22864.666894	-722.896785
0.0000086200	-23078.023454	-726.797266
0.0000086300	-23291.380015	-730.666224
0.0000086400	-23503.463458	-734.504510
0.0000086500	-23714.697106	-738.312904
0.0000086600	-23924.234311	-742.092116
0.0000086700	-24132.499184	-745.842782
0.0000086800	-24340.337587	-749.565471
0.0000086900	-24546.055437	-753.260681
0.0000087000	-24751.773287	-756.928844
0.0000087100	-24956.641342	-760.570325
0.0000087200	-25159.812954	-764.185423
0.0000087300	-25362.984567	-767.774377
0.0000087400	-25567.429298	-771.337361
0.0000087500	-25771.874029	-774.874493
0.0000087600	-25975.045642	-778.385832
0.0000087700	-26178.217255	-781.871384
0.0000087800	-26381.388867	-785.331102
0.0000087900	-26583.287361	-788.764888
0.0000088000	-26783.487053	-792.172601
0.0000088100	-26979.867389	-795.554050
0.0000088200	-27172.854840	-798.909008
0.0000088300	-27365.841504	-802.237207
0.0000088400	-27556.705255	-805.538344
0.0000088500	-27745.022769	-808.812082
0.0000088600	-27930.794046	-812.058056
0.0000088700	-28114.868881	-815.275877
0.0000088800	-28298.943716	-818.465128
0.0000088900	-28483.019337	-821.625375
0.0000089000	-28668.367290	-824.756168
0.0000089100	-28852.865448	-827.857041
0.0000089200	-29035.667164	-830.927518
0.0000089300	-29218.468880	-833.967117
0.0000089400	-29401.270596	-836.975350
0.0000089500	-29581.100391	-839.951727
0.0000089600	-29758.809633	-842.895763
0.0000089700	-29937.791993	-845.806973
0.0000089800	-30113.802433	-848.684882
0.0000089900	-30286.419200	-851.529024
0.0000090000	-30459.884976	-854.338946
0.0000090100	-30633.774862	-857.114211
0.0000090200	-30805.966732	-859.854397
0.0000090300	-30976.460587	-862.559105
0.0000090400	-31143.135086	-865.227956
0.0000090500	-31307.264134	-867.860598
0.0000090600	-31470.969072	-870.456701
0.0000090700	-31634.250686	-873.015967
0.0000090800	-31799.228743	-875.538126
0.0000090900	-31963.357004	-878.022939
0.0000091000	-32125.788824	-880.470202
0.0000091100	-32287.371635	-882.879742
0.0000091200	-32447.680541	-885.251424
0.0000091300	-32605.019887	-887.585147
0.0000091400	-32762.359232	-889.880847
0.0000091500	-32920.970909	-892.138500
0.0000091600	-33076.188128	-894.358118
0.0000091700	-33228.859109	-896.539752
0.0000091800	-33379.832862	-898.683492
0.0000091900	-33529.956820	-900.789465
0.0000092000	-33677.535327	-902.857841
0.0000092100	-33824.689724	-904.888823
0.0000092200	-33970.994326	-906.882656
0.0000092300	-34113.480359	-908.839621
0.0000092400	-34255.542282	-910.760036
0.0000092500	-34397.604205	-912.644255
0.0000092600	-34539.666128	-914.492667
0.0000092700	-34681.728050	-916.305697
0.0000092800	-34823.789973	-918.083799
0.0000092900	-34965.851896	-919.827462
0.0000093000	-35104.941897	-921.537205
0.0000093100	-35240.212543	-923.213574
0.0000093200	-35373.362636	-924.857143
0.0000093300	-35506.088618	-926.468512
0.0000093400	-35640.087719	-928.048304
0.0000093500	-35772.812915	-929.597165
0.0000093600	-35903.840881	-931.115760
0.0000093700	-36034.020627	-932.604772
0.0000093800	-36161.652561	-934.064902
0.0000093900	-36285.465141	-935.496861
0.0000094000	-36408.006175	-936.901376
0.0000094100	-36530.971319	-938.279182
0.0000094200	-36653.087456	-939.631022
0.0000094300	-36774.779482	-940.957643
0.0000094400	-36895.621713	-942.259799
0.0000094500	-37013.917708	-943.538240
0.0000094600	-37130.518046	-944.793720
0.0000094700	-37247.117598	-946.026987
0.0000094800	-37359.895434	-947.238784
0.0000094900	-37466.308465	-948.429849
0.0000095000	-37571.025839	-949.600908
0.0000095100	-37676.167324	-950.752677
0.0000095200	-37780.459801	-951.885859
0.0000095300	-37883.055049	-953.001142
0.0000095400	-37984.377179	-954.099195
0.0000095500	-38085.699308	-955.180672
0.0000095600	-38187.021437	-956.246204
0.0000095700	-38286.644764	-957.296402
0.0000095800	-38383.297744	-958.331853
0.0000095900	-38479.103288	-959.353119
0.0000096000	-38574.059825	-960.360735
0.0000096100	-38666.894235	-961.355213
0.0000096200	-38758.455527	-962.337031
0.0000096300	-38849.592708	-963.306644
0.0000096400	-38940.729889	-964.264471
0.0000096500	-39030.593951	-965.210905
0.0000096600	-39119.609006	-966.146304
0.0000096700	-39206.501148	-967.070997
0.0000096800	-39289.998831	-967.985279
0.0000096900	-39374.347095	-968.889412
0.0000097000	-39459.542794	-969.783625
0.0000097100	-39541.342462	-970.668117
0.0000097200	-39621.021576	-971.543051
0.0000097300	-39700.700690	-972.408559
0.0000097400	-39780.379804	-973.264739
0.0000097500	-39859.209911	-974.111658
0.0000097600	-39934.219875	-974.949354
0.0000097700	-40005.409696	-975.777829
0.0000097800	-40074.055641	-976.597060
0.0000097900	-40141.427680	-977.406991
0.0000098000	-40206.676020	-978.207540
0.0000098100	-40268.531475	-978.998596
0.0000098200	-40329.113811	-979.780024
0.0000098300	-40388.847139	-980.551662
0.0000098400	-40445.184436	-981.313323
0.0000098500	-40497.278266	-982.064802
0.0000098600	-40548.524662	-982.805868
0.0000098700	-40601.044963	-983.536274
0.0000098800	-40654.412698	-984.255752
0.0000098900	-40706.506528	-984.964020
0.0000099000	-40756.903916	-985.660779
0.0000099100	-40807.301304	-986.345719
0.0000099200	-40854.726771	-987.018516
0.0000099300	-40898.332882	-987.678838
0.0000099400	-40940.667448	-988.326344
0.0000099500	-40982.153006	-988.960685
0.0000099600	-41022.789556	-989.581511
0.0000099700	-41063.001995	-990.188465
0.0000099800	-41102.364640	-990.781192
0.0000099900	-41140.030843	-991.359335
0.0000100000	-41176.423927	-991.922540
0.0000100100	-41209.845089	-992.470457
0.0000100200	-41241.146486	-993.002741
0.0000100300	-41271.598087	-993.519054
0.0000100400	-41298.652871	-994.019067
0.0000100500	-41322.314769	-994.502459
0.0000100600	-41346.400779	-994.968924
0.0000100700	-41369.212882	-995.418165
0.0000100800	-41389.055425	-995.849900
0.0000100900	-41408.897968	-996.263863
0.0000101000	-41428.740511	-996.659804
0.0000101100	-41447.734046	-997.037491
0.0000101200	-41465.453676	-997.396707
0.0000101300	-41479.353950	-997.737259
0.0000101400	-41489.435655	-998.058970
0.0000101500	-41499.093249	-998.361686
0.0000101600	-41508.750844	-998.645273
0.0000101700	-41518.408438	-998.909618
0.0000101800	-41525.094112	-999.154632
0.0000101900	-41526.687311	-999.380247
0.0000102000	-41526.159957	-999.586418
0.0000102100	-41526.482398	-999.773122
