Tiempo_(s)	Campo_(A/m)	Magnetizacion_(A/m)
0.0000000000	-31231.067211	-918.449720
0.0000000100	-31232.928140	-918.648517
0.0000000200	-31233.513139	-918.840245
0.0000000300	-31232.701400	-919.024751
0.0000000400	-31230.734537	-919.201858
0.0000000500	-31228.646867	-919.371364
0.0000000600	-31226.438391	-919.533044
0.0000000700	-31224.350721	-919.686649
0.0000000800	-31220.194413	-919.831907
0.0000000900	-31209.900061	-919.968522
0.0000001000	-31197.725748	-920.096179
0.0000001100	-31189.016810	-920.214538
0.0000001200	-31180.549484	-920.323240
0.0000001300	-31166.427338	-920.421907
0.0000001400	-31147.080662	-920.510137
0.0000001500	-31132.784774	-920.587515
0.0000001600	-31119.213723	-920.653602
0.0000001700	-31098.711922	-920.707947
0.0000001800	-31077.485284	-920.750080
0.0000001900	-31056.258646	-920.779514
0.0000002000	-31037.463064	-920.795749
0.0000002100	-31014.288594	-920.798273
0.0000002200	-30988.079037	-920.786558
0.0000002300	-30962.903799	-920.760066
0.0000002400	-30934.504798	-920.718247
0.0000002500	-30904.467447	-920.660543
0.0000002600	-30871.085528	-920.586385
0.0000002700	-30841.599272	-920.495199
0.0000002800	-30810.285990	-920.386402
0.0000002900	-30774.352208	-920.259407
0.0000003000	-30742.314089	-920.113621
0.0000003100	-30709.604070	-919.948449
0.0000003200	-30672.394357	-919.763294
0.0000003300	-30632.511975	-919.557557
0.0000003400	-30596.646063	-919.330639
0.0000003500	-30560.229056	-919.081943
0.0000003600	-30521.260187	-918.810873
0.0000003700	-30480.101874	-918.516838
0.0000003800	-30436.391698	-918.199249
0.0000003900	-30387.577798	-917.857526
0.0000004000	-30338.280673	-917.491091
0.0000004100	-30295.672686	-917.099378
0.0000004200	-30251.600092	-916.681827
0.0000004300	-30203.027804	-916.237889
0.0000004400	-30155.006610	-915.767024
0.0000004500	-30104.916778	-915.268706
0.0000004600	-30046.499459	-914.742419
0.0000004700	-29987.666785	-914.187663
0.0000004800	-29933.024323	-913.603951
0.0000004900	-29875.399710	-912.990810
0.0000005000	-29814.740010	-912.347786
0.0000005100	-29753.838698	-911.674440
0.0000005200	-29693.971705	-910.970350
0.0000005300	-29634.587937	-910.235113
0.0000005400	-29573.014724	-909.468346
0.0000005500	-29509.682355	-908.669683
0.0000005600	-29441.850293	-907.838781
0.0000005700	-29374.690131	-906.975315
0.0000005800	-29307.529969	-906.078983
0.0000005900	-29235.870113	-905.149503
0.0000006000	-29163.606226	-904.186618
0.0000006100	-29091.342339	-903.190089
0.0000006200	-29019.078452	-902.159702
0.0000006300	-28943.590802	-901.095266
0.0000006400	-28868.775053	-899.996613
0.0000006500	-28793.959303	-898.863596
0.0000006600	-28715.798985	-897.696094
0.0000006700	-28634.965998	-896.494008
0.0000006800	-28552.494661	-895.257262
0.0000006900	-28469.660906	-893.985803
0.0000007000	-28384.879320	-892.679601
0.0000007100	-28299.976927	-891.338650
0.0000007200	-28212.764283	-889.962965
0.0000007300	-28125.068416	-888.552584
0.0000007400	-28037.614161	-887.107567
0.0000007500	-27949.246392	-885.627994
0.0000007600	-27859.119468	-884.113968
0.0000007700	-27766.561488	-882.565612
0.0000007800	-27673.882702	-880.983069
0.0000007900	-27581.203916	-879.366499
0.0000008000	-27488.525129	-877.716086
0.0000008100	-27395.846343	-876.032026
0.0000008200	-27302.374850	-874.314536
0.0000008300	-27205.989076	-872.563849
0.0000008400	-27107.051440	-870.780212
0.0000008500	-27005.924359	-868.963889
0.0000008600	-26904.314054	-867.115157
0.0000008700	-26803.858875	-865.234305
0.0000008800	-26702.248570	-863.321636
0.0000008900	-26599.483140	-861.377460
0.0000009000	-26496.596904	-859.402102
0.0000009100	-26393.710668	-857.395891
0.0000009200	-26288.755793	-855.359168
0.0000009300	-26183.317695	-853.292276
0.0000009400	-26078.793109	-851.195568
0.0000009500	-25972.562304	-849.069398
0.0000009600	-25864.934761	-846.914123
0.0000009700	-25754.513744	-844.730104
0.0000009800	-25643.609503	-842.517701
0.0000009900	-25533.067679	-840.277272
0.0000010000	-25420.457218	-838.009176
0.0000010100	-25307.363532	-835.713767
0.0000010200	-25194.269846	-833.391395
0.0000010300	-25080.021035	-831.042403
0.0000010400	-24964.375487	-828.667129
0.0000010500	-24847.454007	-826.265900
0.0000010600	-24728.463890	-823.839038
0.0000010700	-24611.421604	-821.386849
0.0000010800	-24493.345000	-818.909631
0.0000010900	-24371.803020	-816.407666
0.0000011000	-24249.777816	-813.881223
0.0000011100	-24126.597486	-811.330556
0.0000011200	-24006.520114	-808.755901
0.0000011300	-23884.978134	-806.157476
0.0000011400	-23757.660528	-803.535481
0.0000011500	-23631.324306	-800.890095
0.0000011600	-23506.264015	-798.221477
0.0000011700	-23381.686948	-795.529763
0.0000011800	-23255.162049	-792.815065
0.0000011900	-23128.033120	-790.077473
0.0000012000	-23002.059316	-787.317052
0.0000012100	-22871.706624	-784.533838
0.0000012200	-22742.818539	-781.727845
0.0000012300	-22615.568804	-778.899056
0.0000012400	-22485.216111	-776.047429
0.0000012500	-22353.896970	-773.172889
0.0000012600	-22219.233260	-770.275337
0.0000012700	-22080.432273	-767.354640
0.0000012800	-21941.699157	-764.410637
0.0000012900	-21802.966041	-761.443135
0.0000013000	-21661.129967	-758.451910
0.0000013100	-21519.965795	-755.436709
0.0000013200	-21378.801622	-752.397242
0.0000013300	-21235.206393	-749.333193
0.0000013400	-21091.490358	-746.244211
0.0000013500	-20945.705685	-743.129912
0.0000013600	-20799.437788	-739.989882
0.0000013700	-20652.014765	-736.823675
0.0000013800	-20504.470936	-733.630811
0.0000013900	-20356.806302	-730.410781
0.0000014000	-20207.193835	-727.163043
0.0000014100	-20059.166782	-723.887025
0.0000014200	-19910.467828	-720.582124
0.0000014300	-19760.855361	-717.247707
0.0000014400	-19610.638864	-713.883110
0.0000014500	-19458.112117	-710.487643
0.0000014600	-19307.533201	-707.060584
0.0000014700	-19157.437510	-703.601188
0.0000014800	-19003.997250	-700.108679
0.0000014900	-18850.073765	-696.582257
0.0000015000	-18696.271086	-693.021098
0.0000015100	-18542.347601	-689.424353
0.0000015200	-18385.993060	-685.791150
0.0000015300	-18228.241782	-682.120594
0.0000015400	-18071.645629	-678.411774
0.0000015500	-17916.446213	-674.663753
0.0000015600	-17758.023033	-670.875583
0.0000015700	-17597.719893	-667.046293
0.0000015800	-17439.847808	-663.174901
0.0000015900	-17282.096530	-659.260409
0.0000016000	-17125.137958	-655.301807
0.0000016100	-16965.438848	-651.298075
0.0000016200	-16803.187875	-647.248182
0.0000016300	-16642.401510	-643.151090
0.0000016400	-16482.891076	-639.005757
0.0000016500	-16321.795228	-634.811134
0.0000016600	-16160.216156	-630.566169
0.0000016700	-15998.637084	-626.269812
0.0000016800	-15834.989374	-621.921011
0.0000016900	-15670.858439	-617.518719
0.0000017000	-15506.727505	-613.061891
0.0000017100	-15342.596570	-608.549491
0.0000017200	-15178.465636	-603.980489
0.0000017300	-15013.058770	-599.353866
0.0000017400	-14847.651904	-594.668615
0.0000017500	-14679.021275	-589.923743
0.0000017600	-14509.786616	-585.118271
0.0000017700	-14345.051651	-580.251241
0.0000017800	-14180.920716	-575.321712
0.0000017900	-14015.513851	-570.328764
0.0000018000	-13846.883222	-565.271500
0.0000018100	-13676.493437	-560.149052
0.0000018200	-13506.775553	-554.960573
0.0000018300	-13337.420088	-549.705250
0.0000018400	-13168.185429	-544.382297
0.0000018500	-12999.071575	-538.990962
0.0000018600	-12830.992041	-533.530526
0.0000018700	-12657.620106	-528.000307
0.0000018800	-12478.902833	-522.399659
0.0000018900	-12299.581530	-516.727977
0.0000019000	-12121.415352	-510.984695
0.0000019100	-11944.041881	-505.169291
0.0000019200	-11763.686259	-499.281284
0.0000019300	-11583.330637	-493.320241
0.0000019400	-11405.957166	-487.285774
0.0000019500	-11227.911794	-481.177543
0.0000019600	-11047.676978	-474.995260
0.0000019700	-10865.683006	-468.738684
0.0000019800	-10681.257979	-462.407628
0.0000019900	-10496.712145	-456.001957
0.0000020000	-10312.166311	-449.521589
0.0000020100	-10127.620477	-442.966500
0.0000020200	-9943.074643	-436.336719
0.0000020300	-9758.528809	-429.632333
0.0000020400	-9573.982975	-422.853486
0.0000020500	-9389.437141	-416.000381
0.0000020600	-9204.891307	-409.073278
0.0000020700	-9020.345473	-402.072499
0.0000020800	-8835.799639	-394.998424
0.0000020900	-8651.253805	-387.851494
0.0000021000	-8466.707971	-380.632209
0.0000021100	-8282.162137	-373.341133
0.0000021200	-8097.616303	-365.978888
0.0000021300	-7913.070469	-358.546159
0.0000021400	-7728.524635	-351.043689
0.0000021500	-7543.978801	-343.472286
0.0000021600	-7359.432967	-335.832816
0.0000021700	-7174.887133	-328.126205
0.0000021800	-6990.341299	-320.353442
0.0000021900	-6805.795465	-312.515571
0.0000022000	-6621.249631	-304.613701
0.0000022100	-6435.427865	-296.648993
0.0000022200	-6246.261531	-288.622672
0.0000022300	-6057.887903	-280.536015
0.0000022400	-5872.858845	-272.390358
0.0000022500	-5683.813317	-264.187092
0.0000022600	-5494.163758	-255.927660
0.0000022700	-5309.013893	-247.613562
0.0000022800	-5123.192128	-239.246347
0.0000022900	-4935.301725	-230.827614
0.0000023000	-4745.772972	-222.359015
0.0000023100	-4554.847482	-213.842247
0.0000023200	-4361.853354	-205.279055
0.0000023300	-4169.289514	-196.671227
0.0000023400	-3979.519149	-188.020598
0.0000023500	-3789.076884	-179.329042
0.0000023600	-3597.788975	-170.598474
0.0000023700	-3406.742679	-161.830847
0.0000023800	-3214.903676	-153.028150
0.0000023900	-3024.891699	-144.192409
0.0000024000	-2834.087015	-135.325679
0.0000024100	-2642.248012	-126.430049
0.0000024200	-2451.322522	-117.507636
0.0000024300	-2257.965975	-108.560581
0.0000024400	-2064.488623	-99.591053
0.0000024500	-1871.011270	-90.601241
0.0000024600	-1677.413112	-81.593356
0.0000024700	-1486.004397	-72.569625
0.0000024800	-1293.923782	-63.532292
0.0000024900	-1099.653723	-54.483614
0.0000025000	-904.900439	-45.425860
0.0000025100	-710.147155	-36.361308
0.0000025200	-517.462510	-27.292241
0.0000025300	-325.261088	-18.220948
0.0000025400	-132.266960	-9.149719
0.0000025500	59.141754	-0.080844
0.0000025600	248.912119	8.983389
0.0000025700	441.785441	18.040698
0.0000025800	637.693850	27.088808
0.0000025900	829.344177	36.125452
0.0000026000	1016.925098	45.148378
0.0000026100	1204.022794	54.155345
0.0000026200	1393.309935	63.144130
0.0000026300	1586.183257	72.112529
0.0000026400	1780.815734	81.058357
0.0000026500	1973.137962	89.979454
0.0000026600	2163.270745	98.873683
0.0000026700	2354.075429	107.738936
0.0000026800	2543.845794	116.573134
0.0000026900	2733.495353	125.374227
0.0000027000	2923.024106	134.140201
0.0000027100	3113.949596	142.869076
0.0000027200	3305.788599	151.558910
0.0000027300	3497.990020	160.207797
0.0000027400	3692.622498	168.813874
0.0000027500	3884.944725	177.375320
0.0000027600	4072.646452	185.890358
0.0000027700	4259.744148	194.357254
0.0000027800	4450.186414	202.774325
0.0000027900	4643.542961	211.139933
0.0000028000	4834.830869	219.452492
0.0000028100	5021.256665	227.710466
0.0000028200	5210.422999	235.912370
0.0000028300	5402.141196	244.056776
0.0000028400	5591.911561	252.142306
0.0000028500	5780.768413	260.167641
0.0000028600	5967.073403	268.131518
0.0000028700	6154.963806	276.032729
0.0000028800	6345.406072	283.870125
0.0000028900	6535.055630	291.642618
0.0000029000	6725.860314	299.349176
0.0000029100	6914.717166	306.988828
0.0000029200	7099.867031	314.560663
0.0000029300	7284.412865	322.063831
0.0000029400	7472.303268	329.497543
0.0000029500	7660.676896	336.861069
0.0000029600	7845.705954	344.153743
0.0000029700	8030.251788	351.374956
0.0000029800	8214.797622	358.524165
0.0000029900	8399.343456	365.600883
0.0000030000	8583.889290	372.604686
0.0000030100	8768.435124	379.535211
0.0000030200	8952.980958	386.392151
0.0000030300	9137.526792	393.175263
0.0000030400	9322.072626	399.884360
0.0000030500	9506.618460	406.519313
0.0000030600	9689.888363	413.080050
0.0000030700	9873.158266	419.566559
0.0000030800	10057.704100	425.978880
0.0000030900	10242.249934	432.317108
0.0000031000	10425.640643	438.581394
0.0000031100	10608.910545	444.771940
0.0000031200	10791.266935	450.889001
0.0000031300	10973.260907	456.932880
0.0000031400	11155.254878	462.903931
0.0000031500	11337.248850	468.802556
0.0000031600	11516.811765	474.629203
0.0000031700	11694.185236	480.384363
0.0000031800	11874.299246	486.068575
0.0000031900	12055.809993	491.682415
0.0000032000	12237.924771	497.226504
0.0000032100	12417.850104	502.701498
0.0000032200	12597.171407	508.108094
0.0000032300	12775.095973	513.447020
0.0000032400	12953.262151	518.719043
0.0000032500	13130.635622	523.924959
0.0000032600	13303.026174	529.065594
0.0000032700	13476.881334	534.141805
0.0000032800	13651.219719	539.154472
0.0000032900	13822.575952	544.104504
0.0000033000	13991.138711	548.992830
0.0000033100	14157.821507	553.820403
0.0000033200	14325.297011	558.588192
0.0000033300	14493.255739	563.297187
0.0000033400	14659.145830	567.948391
0.0000033500	14825.466208	572.542821
0.0000033600	14992.149005	577.081507
0.0000033700	15156.763164	581.565489
0.0000033800	15320.894099	585.995814
0.0000033900	15485.025033	590.373537
0.0000034000	15651.224606	594.699716
0.0000034100	15817.907403	598.975412
0.0000034200	15982.521561	603.201687
0.0000034300	16145.497371	607.379604
0.0000034400	16308.352374	611.510221
0.0000034500	16472.362503	615.594592
0.0000034600	16635.217506	619.633767
0.0000034700	16798.072509	623.628787
0.0000034800	16961.048319	627.580684
0.0000034900	17119.403627	631.490480
0.0000035000	17277.034100	635.359184
0.0000035100	17436.061309	639.187793
0.0000035200	17595.088519	642.977286
0.0000035300	17754.115729	646.728629
0.0000035400	17911.195106	650.442768
0.0000035500	18067.670454	654.120631
0.0000035600	18222.869870	657.763127
0.0000035700	18376.793354	661.371140
0.0000035800	18530.716839	664.945536
0.0000035900	18686.708962	668.487155
0.0000036000	18842.029184	671.996813
0.0000036100	18995.159962	675.475301
0.0000036200	19145.618071	678.923384
0.0000036300	19295.713763	682.341799
0.0000036400	19449.154023	685.731257
0.0000036500	19598.577813	689.092440
0.0000036600	19744.966517	692.426000
0.0000036700	19893.665471	695.732560
0.0000036800	20040.416593	699.012715
0.0000036900	20184.253434	702.267027
0.0000037000	20326.814344	705.496030
0.0000037100	20469.254447	708.700224
0.0000037200	20612.849676	711.880081
0.0000037300	20756.565711	715.036040
0.0000037400	20900.281746	718.168509
0.0000037500	21043.997781	721.277865
0.0000037600	21187.713816	724.364453
0.0000037700	21331.429851	727.428589
0.0000037800	21473.869955	730.470556
0.0000037900	21616.310059	733.490607
0.0000038000	21757.957456	736.488965
0.0000038100	21897.052991	739.465822
0.0000038200	22037.733939	742.421342
0.0000038300	22179.811624	745.355659
0.0000038400	22317.752034	748.268879
0.0000038500	22451.623037	751.161079
0.0000038600	22586.286748	754.032310
0.0000038700	22719.916139	756.882596
0.0000038800	22847.769905	759.711934
0.0000038900	22978.122597	762.520299
0.0000039000	23111.147958	765.307638
0.0000039100	23238.209017	768.073878
0.0000039200	23364.062015	770.818921
0.0000039300	23489.915013	773.542648
0.0000039400	23613.699373	776.244922
0.0000039500	23737.121315	778.925583
0.0000039600	23860.422450	781.584455
0.0000039700	23983.602780	784.221343
0.0000039800	24105.627984	786.836037
0.0000039900	24226.377257	789.428312
0.0000040000	24348.402462	791.997928
0.0000040100	24469.272541	794.544633
0.0000040200	24586.798051	797.068163
0.0000040300	24701.650892	799.568243
0.0000040400	24817.968341	802.044589
0.0000040500	24934.889821	804.496911
0.0000040600	25049.863468	806.924909
0.0000040700	25163.077960	809.328280
0.0000040800	25273.619783	811.706715
0.0000040900	25382.092969	814.059902
0.0000041000	25491.358861	816.387528
0.0000041100	25602.693391	818.689279
0.0000041200	25713.356020	820.964840
0.0000041300	25820.553275	823.213900
0.0000041400	25925.198666	825.436149
0.0000041500	26029.360834	827.631281
0.0000041600	26132.247070	829.798996
0.0000041700	26235.133306	831.938999
0.0000041800	26338.019542	834.051004
0.0000041900	26440.905778	836.134731
0.0000042000	26543.792014	838.189910
0.0000042100	26646.678250	840.216283
0.0000042200	26749.564486	842.213602
0.0000042300	26851.295597	844.181630
0.0000042400	26950.837264	846.120145
0.0000042500	27047.827068	848.028938
0.0000042600	27144.333648	849.907815
0.0000042700	27242.788060	851.756596
0.0000042800	27341.484084	853.575121
0.0000042900	27435.250125	855.363242
0.0000043000	27525.860274	857.120833
0.0000043100	27616.900710	858.847783
0.0000043200	27707.027634	860.544001
0.0000043300	27798.309683	862.209415
0.0000043400	27888.919832	863.843973
0.0000043500	27979.046756	865.447642
0.0000043600	28071.242317	867.020411
0.0000043700	28162.765979	868.562287
0.0000043800	28250.824265	870.073301
0.0000043900	28332.986119	871.553502
0.0000044000	28408.526705	873.002963
0.0000044100	28484.255967	874.421777
0.0000044200	28564.726536	875.810059
0.0000044300	28644.646010	877.167943
0.0000044400	28720.186596	878.495587
0.0000044500	28794.088832	879.793169
0.0000044600	28867.628650	881.060887
0.0000044700	28940.013343	882.298963
0.0000044800	29012.277230	883.507635
0.0000044900	29083.385991	884.687164
0.0000045000	29153.098016	885.837829
0.0000045100	29223.965165	886.959932
0.0000045200	29294.160414	888.053788
0.0000045300	29361.441382	889.119735
0.0000045400	29428.239126	890.158127
0.0000045500	29493.330650	891.169335
0.0000045600	29555.870311	892.153748
0.0000045700	29619.995387	893.111768
0.0000045800	29684.603686	894.043815
0.0000045900	29747.143348	894.950322
0.0000046000	29808.044660	895.831735
0.0000046100	29867.549234	896.688515
0.0000046200	29928.208934	897.521132
0.0000046300	29990.265371	898.330068
0.0000046400	30046.546183	899.115817
0.0000046500	30093.223575	899.878880
0.0000046600	30138.692906	900.619766
0.0000046700	30184.162237	901.338993
0.0000046800	30227.683737	902.037082
0.0000046900	30270.601206	902.714564
0.0000047000	30312.242743	903.371969
0.0000047100	30353.884281	904.009833
0.0000047200	30395.525818	904.628693
0.0000047300	30437.167356	905.229089
0.0000047400	30478.808894	905.811557
0.0000047500	30519.295306	906.376634
0.0000047600	30559.660913	906.924856
0.0000047700	30599.905713	907.456754
0.0000047800	30635.771625	907.972853
0.0000047900	30667.809743	908.473676
0.0000048000	30700.519762	908.959736
0.0000048100	30733.229781	909.431540
0.0000048200	30763.508744	909.889588
0.0000048300	30793.666901	910.334367
0.0000048400	30824.980183	910.766354
0.0000048500	30855.259145	911.186017
0.0000048600	30884.141371	911.593807
0.0000048700	30911.747665	911.990166
0.0000048800	30936.130196	912.375517
0.0000048900	30959.908697	912.750271
0.0000049000	30983.687197	913.114822
0.0000049100	31005.397060	913.469544
0.0000049200	31026.623698	913.814797
0.0000049300	31047.850336	914.150920
0.0000049400	31069.076974	914.478233
0.0000049500	31088.234974	914.797036
0.0000049600	31104.841112	915.107609
0.0000049700	31123.032663	915.410208
0.0000049800	31142.620952	915.705071
0.0000049900	31158.192771	915.992409
0.0000050000	31169.695183	916.272414
0.0000050100	31181.869497	916.545253
0.0000050200	31190.940853	916.811068
0.0000050300	31198.132248	917.069978
0.0000050400	31204.047712	917.322078
0.0000050500	31207.894537	917.567437
0.0000050600	31212.534069	917.806101
0.0000050700	31214.742545	918.038088
0.0000050800	31215.554284	918.263394
0.0000050900	31216.366023	918.481988
0.0000051000	31217.177761	918.693814
0.0000051100	31217.989500	918.898790
0.0000051200	31217.525307	919.096811
0.0000051300	31215.785184	919.287745
0.0000051400	31214.165866	919.471437
0.0000051500	31209.201979	919.647705
0.0000051600	31201.444617	919.816347
0.0000051700	31193.324838	919.977132
0.0000051800	31184.049933	920.129809
0.0000051900	31174.654222	920.274103
0.0000052000	31165.258510	920.409716
0.0000052100	31152.639036	920.536330
0.0000052200	31134.915837	920.653602
0.0000052300	31120.967496	920.761172
0.0000052400	31107.743991	920.858656
0.0000052500	31094.641292	920.945654
0.0000052600	31083.848844	921.021744
0.0000052700	31067.401576	921.086490
0.0000052800	31049.987859	921.139434
0.0000052900	31029.591992	921.180106
0.0000053000	31006.644262	921.208018
0.0000053100	30983.334113	921.222669
0.0000053200	30959.903159	921.223542
0.0000053300	30937.264911	921.210110
0.0000053400	30912.678832	921.181832
0.0000053500	30886.265726	921.138159
0.0000053600	30854.869702	921.078529
0.0000053700	30823.299936	921.002375
0.0000053800	30789.782338	920.909120
0.0000053900	30754.988808	920.798181
0.0000054000	30720.074473	920.668969
0.0000054100	30680.660443	920.520893
0.0000054200	30642.711021	920.353356
0.0000054300	30606.520754	920.165761
0.0000054400	30568.261849	919.957510
0.0000054500	30528.243789	919.728002
0.0000054600	30488.225729	919.476642
0.0000054700	30448.207668	919.202834
0.0000054800	30407.034483	918.905987
0.0000054900	30364.585366	918.585514
0.0000055000	30319.946806	918.240833
0.0000055100	30274.825020	917.871370
0.0000055200	30227.272179	917.476557
0.0000055300	30178.322600	917.055838
0.0000055400	30130.528146	916.608663
0.0000055500	30078.717223	916.134496
0.0000055600	30025.939850	915.632810
0.0000055700	29975.231116	915.103092
0.0000055800	29921.661036	914.544843
0.0000055900	29865.176676	913.957578
0.0000056000	29807.416385	913.340827
0.0000056100	29747.466650	912.694136
0.0000056200	29687.033690	912.017070
0.0000056300	29626.600730	911.309209
0.0000056400	29566.167770	910.570151
0.0000056500	29503.666172	909.799517
0.0000056600	29437.336781	908.996943
0.0000056700	29371.437678	908.162088
0.0000056800	29309.245563	907.294630
0.0000056900	29244.071296	906.394269
0.0000057000	29177.379486	905.460728
0.0000057100	29109.532552	904.493750
0.0000057200	29036.030797	903.493100
0.0000057300	28959.493956	902.458568
0.0000057400	28880.042834	901.389964
0.0000057500	28799.194975	900.287122
0.0000057600	28718.347115	899.149902
0.0000057700	28637.499256	897.978182
0.0000057800	28557.927328	896.771867
0.0000057900	28478.355400	895.530885
0.0000058000	28397.507541	894.255184
0.0000058100	28316.659681	892.944739
0.0000058200	28232.588059	891.599545
0.0000058300	28145.481350	890.219621
0.0000058400	28061.477598	888.805007
0.0000058500	27976.009238	887.355766
0.0000058600	27886.713084	885.871981
0.0000058700	27796.933707	884.353757
0.0000058800	27705.999204	882.801219
0.0000058900	27614.943895	881.214513
0.0000059000	27523.888586	879.593804
0.0000059100	27432.833277	877.939273
0.0000059200	27339.709330	876.251123
0.0000059300	27246.102158	874.529570
0.0000059400	27154.563625	872.774851
0.0000059500	27063.508316	870.987214
0.0000059600	26967.953312	869.166925
0.0000059700	26868.449709	867.314262
0.0000059800	26768.462882	865.429517
0.0000059900	26667.320929	863.512991
0.0000060000	26566.058170	861.565001
0.0000060100	26464.795411	859.585868
0.0000060200	26363.532653	857.575925
0.0000060300	26261.114769	855.535511
0.0000060400	26157.420954	853.464974
0.0000060500	26054.761458	851.364664
0.0000060600	25949.791711	849.234936
0.0000060700	25843.425228	847.076149
0.0000060800	25737.421162	844.888663
0.0000060900	25627.830916	842.672837
0.0000061000	25515.998289	840.429030
0.0000061100	25403.252149	838.157601
0.0000061200	25292.144359	835.858903
0.0000061300	25177.450387	833.533285
0.0000061400	25057.531885	831.181090
0.0000061500	24940.474727	828.802653
0.0000061600	24823.900793	826.398304
0.0000061700	24703.982291	823.968359
0.0000061800	24582.425439	821.513126
0.0000061900	24460.747780	819.032900
0.0000062000	24339.070122	816.527961
0.0000062100	24217.392464	813.998577
0.0000062200	24093.646168	811.444999
0.0000062300	23969.416647	808.867461
0.0000062400	23846.100639	806.266180
0.0000062500	23723.147050	803.641352
0.0000062600	23600.193460	800.993154
0.0000062700	23472.740176	798.321742
0.0000062800	23341.338293	795.627249
0.0000062900	23212.797754	792.909786
0.0000063000	23086.016371	790.169438
0.0000063100	22955.890419	787.406266
0.0000063200	22824.005311	784.620305
0.0000063300	22692.120203	781.811564
0.0000063400	22560.235095	778.980024
0.0000063500	22425.126224	776.125637
0.0000063600	22286.982266	773.248327
0.0000063700	22150.665334	770.347990
0.0000063800	22017.383488	767.424490
0.0000063900	21883.429742	764.477660
0.0000064000	21744.493077	761.507306
0.0000064100	21604.589964	758.513200
0.0000064200	21465.049269	755.495081
0.0000064300	21325.508573	752.452661
0.0000064400	21185.967878	749.385615
0.0000064500	21044.358545	746.293590
0.0000064600	20902.265987	743.176198
0.0000064700	20760.173429	740.033021
0.0000064800	20618.080871	736.863609
0.0000064900	20474.712383	733.667478
0.0000065000	20331.343894	730.444115
0.0000065100	20187.975405	727.192975
0.0000065200	20043.330984	723.913481
0.0000065300	19899.962496	720.605025
0.0000065400	19750.025674	717.266973
0.0000065500	19595.777835	713.898656
0.0000065600	19445.546465	710.499380
0.0000065700	19297.866958	707.068421
0.0000065800	19150.187451	703.605028
0.0000065900	18997.577961	700.108425
0.0000066000	18839.985553	696.577807
0.0000066100	18680.943471	693.012347
0.0000066200	18525.487571	689.411193
0.0000066300	18369.722188	685.773470
0.0000066400	18210.370624	682.098282
0.0000066500	18049.259904	678.384713
0.0000066600	17886.752446	674.631827
0.0000066700	17724.244989	670.838670
0.0000066800	17561.737532	667.004272
0.0000066900	17399.230075	663.127647
0.0000067000	17236.722618	659.207797
0.0000067100	17074.215160	655.243710
0.0000067200	16913.776341	651.234364
0.0000067300	16753.820746	647.178729
0.0000067400	16591.796514	643.075765
0.0000067500	16429.289056	638.924428
0.0000067600	16266.781599	634.723670
0.0000067700	16104.274142	630.472439
0.0000067800	15940.490754	626.169684
0.0000067900	15776.707365	621.814354
0.0000068000	15610.976145	617.405402
0.0000068100	15440.141200	612.941785
0.0000068200	15269.857349	608.422465
0.0000068300	15102.918068	603.846416
0.0000068400	14934.151760	599.212620
0.0000068500	14765.385453	594.520071
0.0000068600	14594.429702	589.767777
0.0000068700	14419.646157	584.954764
0.0000068800	14248.516664	580.080072
0.0000068900	14078.353619	575.142765
0.0000069000	13906.121937	570.141927
0.0000069100	13733.407030	565.076663
0.0000069200	13559.536998	559.946106
0.0000069300	13383.477521	554.749416
0.0000069400	13206.934821	549.485782
0.0000069500	13030.392120	544.154422
0.0000069600	12855.004545	538.754588
0.0000069700	12680.651288	533.285566
0.0000069800	12504.591812	527.746678
0.0000069900	12329.204236	522.137284
0.0000070000	12153.575049	516.456782
0.0000070100	11977.153154	510.704613
0.0000070200	11801.886385	504.880258
0.0000070300	11624.550978	498.983245
0.0000070400	11444.542902	493.013144
0.0000070500	11264.965114	486.969575
0.0000070600	11085.991357	480.852203
0.0000070700	10904.828156	474.660745
0.0000070800	10721.905799	468.394969
0.0000070900	10538.983443	462.054692
0.0000071000	10358.129724	455.639788
0.0000071100	10177.759230	449.150181
0.0000071200	9996.475223	442.585852
0.0000071300	9814.828797	435.946840
0.0000071400	9632.027247	429.233238
0.0000071500	9449.104890	422.445196
0.0000071600	9266.182533	415.582926
0.0000071700	9083.260177	408.646696
0.0000071800	8900.337820	401.636833
0.0000071900	8717.415463	394.553726
0.0000072000	8533.337981	387.397823
0.0000072100	8349.139693	380.169633
0.0000072200	8166.096531	372.869725
0.0000072300	7983.174174	365.498731
0.0000072400	7800.251817	358.057343
0.0000072500	7617.329461	350.546311
0.0000072600	7434.407104	342.966452
0.0000072700	7250.208816	335.318637
0.0000072800	7066.010528	327.603802
0.0000072900	6879.381184	319.822942
0.0000073000	6691.475908	311.977111
0.0000073100	6506.001689	304.067421
0.0000073200	6321.682595	296.095044
0.0000073300	6135.415669	288.061210
0.0000073400	5947.510394	279.967204
0.0000073500	5762.708075	271.814369
0.0000073600	5579.664913	263.604102
0.0000073700	5395.466625	255.337855
0.0000073800	5209.992406	247.017131
0.0000073900	5022.449548	238.643488
0.0000074000	4835.699398	230.218531
0.0000074100	4651.017886	221.743917
0.0000074200	4464.750960	213.221350
0.0000074300	4279.276741	204.652580
0.0000074400	4093.802522	196.039401
0.0000074500	3905.897246	187.383653
0.0000074600	3718.663871	178.687215
0.0000074700	3533.068846	169.952007
0.0000074800	3348.870558	161.179987
0.0000074900	3160.534994	152.373149
0.0000075000	2968.009218	143.533521
0.0000075100	2780.292619	134.663165
0.0000075200	2596.766232	125.764171
0.0000075300	2412.688750	116.838660
0.0000075400	2225.266699	107.888777
0.0000075500	2037.119812	98.916694
0.0000075600	1847.025092	89.924602
0.0000075700	1651.033941	80.914713
0.0000075800	1458.092811	71.889259
0.0000075900	1272.928074	62.850485
0.0000076000	1083.316579	53.800649
0.0000076100	892.738635	44.742021
0.0000076200	705.505260	35.676879
0.0000076300	513.462708	26.607509
0.0000076400	319.177777	17.536199
0.0000076500	125.564746	8.465239
0.0000076600	-67.444254	-0.603080
0.0000076700	-259.418936	-9.666472
0.0000076800	-450.238492	-18.722655
0.0000076900	-641.971561	-27.769355
0.0000077000	-833.825436	-36.804307
0.0000077100	-1024.886605	-45.825260
0.0000077200	-1217.533187	-54.829976
0.0000077300	-1409.387062	-63.816232
0.0000077400	-1601.603355	-72.781829
0.0000077500	-1796.439381	-81.724583
0.0000077600	-1992.000244	-90.642337
0.0000077700	-2186.889206	-99.532959
0.0000077800	-2376.795250	-108.394343
0.0000077900	-2563.545400	-117.224413
0.0000078000	-2752.484994	-126.021126
0.0000078100	-2940.994300	-134.782470
0.0000078200	-3128.106869	-143.506470
0.0000078300	-3316.012144	-152.191188
0.0000078400	-3502.883101	-160.834725
0.0000078500	-3689.270833	-169.435222
0.0000078600	-3876.020983	-177.990863
0.0000078700	-4064.047065	-186.499876
0.0000078800	-4252.073146	-194.960535
0.0000078900	-4438.823297	-203.371162
0.0000079000	-4624.297516	-211.730124
0.0000079100	-4808.858222	-220.035843
0.0000079200	-4995.487566	-228.286787
0.0000079300	-5182.237717	-236.481481
0.0000079400	-5366.556811	-244.618501
0.0000079500	-5550.755099	-252.696478
0.0000079600	-5736.108512	-260.714098
0.0000079700	-5921.703537	-268.670106
0.0000079800	-6106.022631	-276.563302
0.0000079900	-6288.944987	-284.392544
0.0000080000	-6471.867344	-292.156749
0.0000080100	-6655.944826	-299.854895
0.0000080200	-6840.143114	-307.486018
0.0000080300	-7024.462208	-315.049215
0.0000080400	-7208.660496	-322.543643
0.0000080500	-7391.582852	-329.968520
0.0000080600	-7575.781140	-337.323125
0.0000080700	-7759.979428	-344.606797
0.0000080800	-7942.901785	-351.818939
0.0000080900	-8127.892780	-358.959011
0.0000081000	-8313.366999	-366.026537
0.0000081100	-8496.772580	-373.021098
0.0000081200	-8680.850062	-379.942340
0.0000081300	-8865.048350	-386.789964
0.0000081400	-9048.091512	-393.563733
0.0000081500	-9229.737938	-400.263467
0.0000081600	-9411.384363	-406.889045
0.0000081700	-9594.306720	-413.440404
0.0000081800	-9777.229077	-419.917535
0.0000081900	-9960.151433	-426.320488
0.0000082000	-10143.073790	-432.649364
0.0000082100	-10325.996147	-438.904320
0.0000082200	-10507.763378	-445.085565
0.0000082300	-10689.409804	-451.193360
0.0000082400	-10872.211354	-457.228015
0.0000082500	-11055.133711	-463.189890
0.0000082600	-11234.832305	-469.079392
0.0000082700	-11410.582298	-474.896975
0.0000082800	-11589.072831	-480.643136
0.0000082900	-11770.356838	-486.318418
0.0000083000	-11946.590056	-491.923405
0.0000083100	-12120.580894	-497.458720
0.0000083200	-12299.984940	-502.925025
0.0000083300	-12478.286796	-508.323021
0.0000083400	-12652.881665	-513.653442
0.0000083500	-12826.872503	-518.917057
0.0000083600	-13001.656048	-524.114667
0.0000083700	-13176.922817	-529.247101
0.0000083800	-13350.120949	-534.315220
0.0000083900	-13522.835856	-539.319907
0.0000084000	-13695.550763	-544.262074
0.0000084100	-13866.197031	-549.142654
0.0000084200	-14035.204951	-553.962600
0.0000084300	-14206.160702	-558.722885
0.0000084400	-14377.478872	-563.424501
0.0000084500	-14547.762722	-568.068451
0.0000084600	-14719.201698	-572.655757
0.0000084700	-14890.519868	-577.187448
0.0000084800	-15058.735080	-581.664565
0.0000084900	-15226.346262	-586.088157
0.0000085000	-15393.957445	-590.459278
0.0000085100	-15558.344863	-594.778988
0.0000085200	-15720.852321	-599.048348
0.0000085300	-15884.514903	-603.268421
0.0000085400	-16048.298291	-607.440267
0.0000085500	-16214.150318	-611.564945
0.0000085600	-16380.485569	-615.643510
0.0000085700	-16543.597056	-619.677008
0.0000085800	-16706.104514	-623.666481
0.0000085900	-16868.611971	-627.612960
0.0000086000	-17031.119428	-631.517464
0.0000086100	-17193.626885	-635.381002
0.0000086200	-17356.134342	-639.204567
0.0000086300	-17519.796925	-642.989139
0.0000086400	-17680.235744	-646.735680
0.0000086500	-17839.036214	-650.445134
0.0000086600	-18001.060446	-654.118427
0.0000086700	-18163.567904	-657.756463
0.0000086800	-18322.851598	-661.360128
0.0000086900	-18478.186692	-664.930281
0.0000087000	-18632.917756	-668.467760
0.0000087100	-18786.493694	-671.973379
0.0000087200	-18937.638577	-675.447925
0.0000087300	-19088.662653	-678.892159
0.0000087400	-19237.738897	-682.306816
0.0000087500	-19382.987348	-685.692603
0.0000087600	-19529.579600	-689.050197
0.0000087700	-19676.775883	-692.380248
0.0000087800	-19820.748402	-695.683376
0.0000087900	-19964.237697	-698.960170
0.0000088000	-20107.606186	-702.211190
0.0000088100	-20250.974675	-705.436964
0.0000088200	-20395.498289	-708.637991
0.0000088300	-20538.866778	-711.814737
0.0000088400	-20681.080142	-714.967638
0.0000088500	-20823.172700	-718.097097
0.0000088600	-20965.265257	-721.203489
0.0000088700	-21106.081884	-724.287154
0.0000088800	-21246.898510	-727.348404
0.0000088900	-21387.715137	-730.387518
0.0000089000	-21527.376638	-733.404745
0.0000089100	-21668.193265	-736.400305
0.0000089200	-21809.009891	-739.374387
0.0000089300	-21947.757880	-742.327149
0.0000089400	-22082.678075	-745.258724
0.0000089500	-22217.907752	-748.169212
0.0000089600	-22353.620653	-751.058688
0.0000089700	-22486.109792	-753.927200
0.0000089800	-22617.994900	-756.774768
0.0000089900	-22749.880008	-759.601386
0.0000090000	-22878.541353	-762.407026
0.0000090100	-23006.598667	-765.191632
0.0000090200	-23135.811106	-767.955127
0.0000090300	-23263.868421	-770.697413
0.0000090400	-23392.839248	-773.418366
0.0000090500	-23520.224662	-776.117847
0.0000090600	-23645.730114	-778.795694
0.0000090700	-23769.959634	-781.451729
0.0000090800	-23892.120517	-784.085754
0.0000090900	-24013.798175	-786.697559
0.0000091000	-24135.475833	-789.286914
0.0000091100	-24257.153492	-791.853580
0.0000091200	-24378.831150	-794.397303
0.0000091300	-24500.508808	-796.917816
0.0000091400	-24621.031341	-799.414844
0.0000091500	-24739.364430	-801.888104
0.0000091600	-24858.369420	-804.337301
0.0000091700	-24976.340091	-806.762137
0.0000091800	-25090.966192	-809.162308
0.0000091900	-25204.867457	-811.537504
0.0000092000	-25319.682235	-813.887413
0.0000092100	-25433.032405	-816.211721
0.0000092200	-25543.709906	-818.510115
0.0000092300	-25651.352321	-820.782281
0.0000092400	-25756.926098	-823.027906
0.0000092500	-25862.016651	-825.246682
0.0000092600	-25964.676147	-827.438302
0.0000092700	-26067.214837	-829.602469
0.0000092800	-26171.029458	-831.738888
0.0000092900	-26273.688954	-833.847272
0.0000093000	-26374.951713	-835.927345
0.0000093100	-26477.369597	-837.978838
0.0000093200	-26579.908286	-840.001492
0.0000093300	-26681.291851	-841.995062
0.0000093400	-26780.485972	-843.959312
0.0000093500	-26879.196868	-845.894023
0.0000093600	-26977.545346	-847.798986
0.0000093700	-27074.187605	-849.674010
0.0000093800	-27168.278001	-851.518918
0.0000093900	-27260.730047	-853.333550
0.0000094000	-27353.061287	-855.117761
0.0000094100	-27445.271721	-856.871427
0.0000094200	-27537.602961	-858.594440
0.0000094300	-27628.779077	-860.286711
0.0000094400	-27718.679261	-861.948170
0.0000094500	-27808.458638	-863.578768
0.0000094600	-27896.169378	-865.178475
0.0000094700	-27982.120962	-866.747280
0.0000094800	-28066.796615	-868.285196
0.0000094900	-28151.472268	-869.792255
0.0000095000	-28238.578977	-871.268510
0.0000095100	-28323.737855	-872.714034
0.0000095200	-28405.982451	-874.128925
0.0000095300	-28489.019755	-875.513298
0.0000095400	-28572.419476	-876.867293
0.0000095500	-28652.595435	-878.191068
0.0000095600	-28730.891432	-879.484806
0.0000095700	-28806.997984	-880.748706
0.0000095800	-28881.586994	-881.982993
0.0000095900	-28957.331128	-883.187907
0.0000096000	-29033.196069	-884.363712
0.0000096100	-29104.440509	-885.510690
0.0000096200	-29171.615543	-886.629144
0.0000096300	-29237.273034	-887.719392
0.0000096400	-29302.809718	-888.781775
0.0000096500	-29367.070472	-889.816648
0.0000096600	-29429.383393	-890.824385
0.0000096700	-29493.160922	-891.805376
0.0000096800	-29556.145745	-892.760026
0.0000096900	-29617.061929	-893.688756
0.0000097000	-29677.494889	-894.592001
0.0000097100	-29736.651917	-895.470210
0.0000097200	-29793.377889	-896.323843
0.0000097300	-29849.983056	-897.153373
0.0000097400	-29904.519584	-897.959284
0.0000097500	-29955.349124	-898.742069
0.0000097600	-30005.574634	-899.502231
0.0000097700	-30057.076075	-900.240281
0.0000097800	-30108.577517	-900.956737
0.0000097900	-30156.734389	-901.652121
0.0000098000	-30203.252911	-902.326963
0.0000098100	-30251.719266	-902.981796
0.0000098200	-30300.668845	-903.617155
0.0000098300	-30346.394660	-904.233578
0.0000098400	-30389.447807	-904.831603
0.0000098500	-30432.810437	-905.411767
0.0000098600	-30475.380360	-905.974609
0.0000098700	-30515.881644	-906.520661
0.0000098800	-30555.899705	-907.050454
0.0000098900	-30595.917765	-907.564516
0.0000099000	-30634.780700	-908.063364
0.0000099100	-30671.454191	-908.547515
0.0000099200	-30707.644458	-909.017473
0.0000099300	-30744.627431	-909.473735
0.0000099400	-30778.749060	-909.916788
0.0000099500	-30810.318826	-910.347110
0.0000099600	-30843.474006	-910.765163
0.0000099700	-30875.957285	-911.171401
0.0000099800	-30905.095995	-911.566261
0.0000099900	-30930.406911	-911.950165
0.0000100000	-30954.200284	-912.323522
0.0000100100	-30977.631238	-912.686724
0.0000100200	-30998.631137	-913.040143
0.0000100300	-31018.234297	-913.384136
0.0000100400	-31037.837458	-913.719040
0.0000100500	-31057.440619	-914.045173
0.0000100600	-31077.043780	-914.362833
0.0000100700	-31096.646941	-914.672295
0.0000100800	-31113.026338	-914.973814
0.0000100900	-31128.801706	-915.267625
0.0000101000	-31145.369780	-915.553936
0.0000101100	-31157.921384	-915.832937
0.0000101200	-31169.076250	-916.104790
0.0000101300	-31179.747893	-916.369635
0.0000101400	-31189.143604	-916.627589
0.0000101500	-31198.539315	-916.878743
0.0000101600	-31207.935026	-917.123163
0.0000101700	-31217.330737	-917.360891
0.0000101800	-31222.226754	-917.591944
0.0000101900	-31224.087684	-917.816313
0.0000102000	-31226.982932	-918.033964
0.0000102100	-31229.206281	-918.244838
