Tiempo_(s)	Campo_(A/m)	Magnetizacion_(A/m)
0.0000000000	-10546.184921	-419.889280
0.0000000100	-10546.924427	-420.264688
0.0000000200	-10546.453795	-420.586689
0.0000000300	-10543.511093	-420.855057
0.0000000400	-10538.809632	-421.069505
0.0000000500	-10530.116028	-421.229686
0.0000000600	-10516.097102	-421.335192
0.0000000700	-10500.789393	-421.385555
0.0000000800	-10483.622080	-421.380248
0.0000000900	-10464.718208	-421.318688
0.0000001000	-10444.712443	-421.200234
0.0000001100	-10423.041365	-421.024191
0.0000001200	-10398.278348	-420.789812
0.0000001300	-10369.205855	-420.496296
0.0000001400	-10336.451153	-420.142793
0.0000001500	-10301.104087	-419.728405
0.0000001600	-10268.258690	-419.252191
0.0000001700	-10235.750075	-418.713162
0.0000001800	-10200.134723	-418.110292
0.0000001900	-10161.486628	-417.442512
0.0000002000	-10120.381261	-416.708722
0.0000002100	-10076.370845	-415.907784
0.0000002200	-10027.785418	-415.038532
0.0000002300	-9978.747563	-414.099771
0.0000002400	-9930.572914	-413.090281
0.0000002500	-9879.717105	-412.008822
0.0000002600	-9823.845906	-410.854132
0.0000002700	-9763.247054	-409.624938
0.0000002800	-9699.219479	-408.319950
0.0000002900	-9633.369300	-406.937872
0.0000003000	-9565.133095	-405.477401
0.0000003100	-9494.857796	-403.937234
0.0000003200	-9425.022874	-402.316066
0.0000003300	-9354.019462	-400.612598
0.0000003400	-9279.225598	-398.825542
0.0000003500	-9201.507236	-396.953617
0.0000003600	-9123.038564	-394.995561
0.0000003700	-9040.353860	-392.950129
0.0000003800	-8953.699214	-390.816099
0.0000003900	-8866.577341	-388.592274
0.0000004000	-8777.999244	-386.277488
0.0000004100	-8686.818633	-383.870605
0.0000004200	-8593.139102	-381.370528
0.0000004300	-8498.738858	-378.776199
0.0000004400	-8403.603102	-376.086602
0.0000004500	-8306.420853	-373.300768
0.0000004600	-8208.222757	-370.417778
0.0000004700	-8108.366747	-367.436763
0.0000004800	-8005.254106	-364.356914
0.0000004900	-7901.349507	-361.177478
0.0000005000	-7797.523554	-357.897764
0.0000005100	-7691.001641	-354.517146
0.0000005200	-7582.384187	-351.035066
0.0000005300	-7474.293155	-347.451034
0.0000005400	-7366.064281	-343.764635
0.0000005500	-7255.774114	-339.975526
0.0000005600	-7142.414207	-336.083445
0.0000005700	-7026.742270	-332.088205
0.0000005800	-6910.002688	-327.989704
0.0000005900	-6790.589346	-323.787921
0.0000006000	-6669.073063	-319.482922
0.0000006100	-6547.261646	-315.074858
0.0000006200	-6425.125495	-310.563969
0.0000006300	-6302.268632	-305.950585
0.0000006400	-6178.093387	-301.235127
0.0000006500	-6053.615609	-296.418106
0.0000006600	-5928.719651	-291.500127
0.0000006700	-5802.972539	-286.481888
0.0000006800	-5674.573864	-281.364183
0.0000006900	-5544.042650	-276.147897
0.0000007000	-5412.921167	-270.834011
0.0000007100	-5279.607948	-265.423603
0.0000007200	-5143.542322	-259.917841
0.0000007300	-5006.669939	-254.317992
0.0000007400	-4869.357178	-248.625414
0.0000007500	-4729.523298	-242.841560
0.0000007600	-4587.116502	-236.967973
0.0000007700	-4443.701259	-231.006292
0.0000007800	-4299.781791	-224.958244
0.0000007900	-4155.444146	-218.825644
0.0000008000	-4010.703122	-212.610398
0.0000008100	-3865.760408	-206.314498
0.0000008200	-3720.918538	-199.940020
0.0000008300	-3575.766735	-193.489122
0.0000008400	-3429.576886	-186.964045
0.0000008500	-3282.688524	-180.367109
0.0000008600	-3134.553026	-173.700708
0.0000008700	-2984.565325	-166.967314
0.0000008800	-2834.304687	-160.169467
0.0000008900	-2684.563073	-153.309778
0.0000009000	-2534.388481	-146.390924
0.0000009100	-2383.269289	-139.415646
0.0000009200	-2231.589426	-132.386743
0.0000009300	-2079.073206	-125.307075
0.0000009400	-1925.209006	-118.179552
0.0000009500	-1771.475249	-111.007136
0.0000009600	-1617.734093	-103.792839
0.0000009700	-1463.163980	-96.539712
0.0000009800	-1308.593867	-89.250850
0.0000009900	-1153.829465	-81.929383
0.0000010000	-999.165906	-74.578473
0.0000010100	-844.603193	-67.201314
0.0000010200	-689.939635	-59.801122
0.0000010300	-535.376922	-52.381137
0.0000010400	-380.605119	-44.944615
0.0000010500	-225.538182	-37.494825
0.0000010600	-70.982868	-30.035048
0.0000010700	83.269911	-22.568569
0.0000010800	237.119312	-15.098675
0.0000010900	391.891114	-7.628651
0.0000011000	546.857207	-0.161776
0.0000011100	701.311676	7.298681
0.0000011200	855.975234	14.749466
0.0000011300	1010.336258	22.187342
0.0000011400	1164.790727	29.609095
0.0000011500	1318.625328	37.011534
0.0000011600	1472.034351	44.391500
0.0000011700	1624.968749	51.745867
0.0000011800	1778.537814	59.071544
0.0000011900	1932.342817	66.365482
0.0000012000	2084.743393	73.624676
0.0000012100	2235.306565	80.846166
0.0000012200	2385.171223	88.027046
0.0000012300	2536.981529	95.164461
0.0000012400	2687.810237	102.255615
0.0000012500	2836.002182	109.297772
0.0000012600	2983.603857	116.288257
0.0000012700	3131.343376	123.224463
0.0000012800	3279.247586	130.103850
0.0000012900	3426.733617	136.923951
0.0000013000	3573.203802	143.682372
0.0000013100	3718.225161	150.376792
0.0000013200	3862.656252	157.004973
0.0000013300	4008.009745	163.564753
0.0000013400	4153.464082	170.054053
0.0000013500	4297.996017	176.470879
0.0000013600	4441.605551	182.813321
0.0000013700	4584.363928	189.079556
0.0000013800	4725.703080	195.267849
0.0000013900	4866.451962	201.376553
0.0000014000	5006.536579	207.404114
0.0000014100	5142.543008	213.349065
0.0000014200	5276.237407	219.210033
0.0000014300	5411.048498	224.985735
0.0000014400	5543.899141	230.674983
0.0000014500	5674.314711	236.276678
0.0000014600	5804.174260	241.789817
0.0000014700	5930.941870	247.213484
0.0000014800	6055.606539	252.546861
0.0000014900	6179.061071	257.789216
0.0000015000	6302.119623	262.939910
0.0000015100	6425.357667	267.998393
0.0000015200	6547.867598	272.964205
0.0000015300	6668.936104	277.836973
0.0000015400	6786.957069	282.616408
0.0000015500	6903.443164	287.302311
0.0000015600	7019.705370	291.894560
0.0000015700	7134.029327	296.393121
0.0000015800	7245.167900	300.798034
0.0000015900	7354.779002	305.109421
0.0000016000	7463.396457	309.327477
0.0000016100	7571.207153	313.452472
0.0000016200	7677.965003	317.484746
0.0000016300	7783.274030	321.424707
0.0000016400	7887.582008	325.272831
0.0000016500	7991.083228	329.029655
0.0000016600	8094.144072	332.695778
0.0000016700	8194.430309	336.271856
0.0000016800	8290.940893	339.758599
0.0000016900	8385.210694	343.156770
0.0000017000	8478.255558	346.467179
0.0000017100	8570.422418	349.690681
0.0000017200	8662.567080	352.828175
0.0000017300	8753.218519	355.880596
0.0000017400	8841.434884	358.848917
0.0000017500	8928.556757	361.734140
0.0000017600	9013.609937	364.537299
0.0000017700	9095.059555	367.259449
0.0000017800	9173.390385	369.901670
0.0000017900	9250.683169	372.465058
0.0000018000	9327.774264	374.950725
0.0000018100	9402.804065	377.359792
0.0000018200	9474.518040	379.693389
0.0000018300	9543.061429	381.952652
0.0000018400	9608.060453	384.138713
0.0000018500	9671.770694	386.252706
0.0000018600	9735.458736	388.295756
0.0000018700	9796.327774	390.268979
0.0000018800	9854.257516	392.173479
0.0000018900	9908.785385	394.010344
0.0000019000	9958.839086	395.780643
0.0000019100	10006.868493	397.485422
0.0000019200	10052.396230	399.125701
0.0000019300	10095.115113	400.702475
0.0000019400	10137.221528	402.216705
0.0000019500	10178.275097	403.669319
0.0000019600	10216.863995	405.061210
0.0000019700	10253.003021	406.393230
0.0000019800	10286.692174	407.666191
0.0000019900	10318.133144	408.880860
0.0000020000	10348.226134	410.037961
0.0000020100	10375.581516	411.138166
0.0000020200	10400.883006	412.182099
0.0000020300	10424.952159	413.170334
0.0000020400	10446.795328	414.103388
0.0000020500	10467.917785	414.981726
0.0000020600	10488.427774	415.805756
0.0000020700	10506.615583	416.575826
0.0000020800	10520.523516	417.292229
0.0000020900	10529.792589	417.955195
0.0000021000	10537.907973	418.564896
0.0000021100	10545.179600	419.121441
0.0000021200	10549.201997	419.624879
0.0000021300	10551.177900	420.075196
0.0000021400	10550.962067	420.472316
0.0000021500	10547.792138	420.816100
0.0000021600	10542.317579	421.106349
0.0000021700	10536.051061	421.342800
0.0000021800	10529.105478	421.525130
0.0000021900	10518.996710	421.652955
0.0000022000	10508.514161	421.725832
0.0000022100	10496.818726	421.743257
0.0000022200	10477.953163	421.704668
0.0000022300	10456.323145	421.609449
0.0000022400	10436.141951	421.456926
0.0000022500	10415.699870	421.246371
0.0000022600	10392.770919	420.977005
0.0000022700	10364.934824	420.647999
0.0000022800	10332.718006	420.258473
0.0000022900	10297.214959	419.807502
0.0000023000	10258.743017	419.294117
0.0000023100	10217.245732	418.717306
0.0000023200	10175.251623	418.076017
0.0000023300	10134.676740	417.369162
0.0000023400	10092.515190	416.595618
0.0000023500	10045.842474	415.754231
0.0000023600	9996.159215	414.843815
0.0000023700	9945.956934	413.863161
0.0000023800	9892.323180	412.811037
0.0000023900	9833.797082	411.686189
0.0000024000	9774.855554	410.487347
0.0000024100	9717.707034	409.213228
0.0000024200	9658.351978	407.862539
0.0000024300	9595.019580	406.433979
0.0000024400	9528.587842	404.926243
0.0000024500	9456.427403	403.338028
0.0000024600	9379.994486	401.668033
0.0000024700	9302.171941	399.914963
0.0000024800	9223.650883	398.077535
0.0000024900	9144.596002	396.154479
0.0000025000	9063.998852	394.144542
0.0000025100	8981.952877	392.046493
0.0000025200	8898.465477	389.859124
0.0000025300	8811.714047	387.581257
0.0000025400	8722.008521	385.211744
0.0000025500	8631.705325	382.749471
0.0000025600	8540.875707	380.193364
0.0000025700	8448.078242	377.542390
0.0000025800	8353.450772	374.795560
0.0000025900	8256.063495	371.951936
0.0000026000	8156.017257	369.010629
0.0000026100	8055.892372	365.970804
0.0000026200	7955.255865	362.831686
0.0000026300	7854.100334	359.592559
0.0000026400	7751.272091	356.252770
0.0000026500	7646.023573	352.811734
0.0000026600	7540.565966	349.268934
0.0000026700	7433.118313	345.623923
0.0000026800	7320.684869	341.876331
0.0000026900	7204.539619	338.025862
0.0000027000	7085.858450	334.072300
0.0000027100	6966.291877	330.015507
0.0000027200	6845.896348	325.855431
0.0000027300	6724.283282	321.592101
0.0000027400	6602.670216	317.225636
0.0000027500	6481.057149	312.756240
0.0000027600	6358.607727	308.184205
0.0000027700	6234.608635	303.509917
0.0000027800	6108.981228	298.733851
0.0000027900	5980.788304	293.856573
0.0000028000	5850.044663	288.878745
0.0000028100	5718.299974	283.801122
0.0000028200	5586.547885	278.624553
0.0000028300	5454.702352	273.349980
0.0000028400	5322.136105	267.978442
0.0000028500	5188.199681	262.511072
0.0000028600	5051.842982	256.949097
0.0000028700	4914.175301	251.293838
0.0000028800	4776.160688	245.546711
0.0000028900	4637.029383	239.709223
0.0000029000	4496.370608	233.782974
0.0000029100	4354.486897	227.769656
0.0000029200	4212.408896	221.671050
0.0000029300	4070.330894	215.489026
0.0000029400	3928.144649	209.225540
0.0000029500	3784.935156	202.882635
0.0000029600	3640.377684	196.462437
0.0000029700	3495.842411	189.967155
0.0000029800	3351.329336	183.399076
0.0000029900	3206.252841	176.760566
0.0000030000	3060.290942	170.054064
0.0000030100	2913.817419	163.282085
0.0000030200	2765.835875	156.447212
0.0000030300	2615.990078	149.552096
0.0000030400	2466.857594	142.599452
0.0000030500	2316.844355	135.592056
0.0000030600	2164.541286	128.532744
0.0000030700	2012.036527	121.424407
0.0000030800	1859.236634	114.269986
0.0000030900	1706.298898	107.072474
0.0000031000	1552.091828	99.834907
0.0000031100	1396.495130	92.560362
0.0000031200	1240.308163	85.251956
0.0000031300	1084.531974	77.912839
0.0000031400	930.268457	70.546192
0.0000031500	774.649560	63.155222
0.0000031600	617.129413	55.743161
0.0000031700	459.198486	48.313259
0.0000031800	300.827183	40.868779
0.0000031900	142.492877	33.413000
0.0000032000	-15.445449	25.949204
0.0000032100	-172.879551	18.480678
0.0000032200	-329.563342	11.010709
0.0000032300	-485.843755	3.542579
0.0000032400	-642.269409	-3.920440
0.0000032500	-799.184489	-11.375087
0.0000032600	-956.200413	-18.818117
0.0000032700	-1111.472377	-26.246306
0.0000032800	-1265.403762	-33.656455
0.0000032900	-1419.667279	-41.045390
0.0000033000	-1574.240730	-48.409973
0.0000033100	-1728.373804	-55.747098
0.0000033200	-1880.113453	-63.053698
0.0000033300	-2030.269184	-70.326750
0.0000033400	-2181.824692	-77.563277
0.0000033500	-2334.019517	-84.760350
0.0000033600	-2484.101252	-91.915093
0.0000033700	-2631.821909	-99.024687
0.0000033800	-2779.837702	-106.086370
0.0000033900	-2926.980140	-113.097443
0.0000034000	-3072.027036	-120.055273
0.0000034100	-3218.328468	-126.957291
0.0000034200	-3364.600301	-133.801001
0.0000034300	-3509.214220	-140.583980
0.0000034400	-3652.905738	-147.303877
0.0000034500	-3795.992186	-153.958420
0.0000034600	-3938.581811	-160.545418
0.0000034700	-4080.349879	-167.062757
0.0000034800	-4221.916256	-173.508410
0.0000034900	-4363.893413	-179.880433
0.0000035000	-4505.228503	-186.176967
0.0000035100	-4645.454301	-192.396242
0.0000035200	-4784.346918	-198.536577
0.0000035300	-4920.644420	-204.596380
0.0000035400	-5054.939826	-210.574148
0.0000035500	-5188.111141	-216.468471
0.0000035600	-5320.561743	-222.278031
0.0000035700	-5453.430524	-228.001600
0.0000035800	-5585.470347	-233.638046
0.0000035900	-5715.657967	-239.186325
0.0000036000	-5843.892539	-244.645488
0.0000036100	-5970.722684	-250.014677
0.0000036200	-6096.290894	-255.293125
0.0000036300	-6220.129944	-260.480158
0.0000036400	-6343.277881	-265.575189
0.0000036500	-6465.906794	-270.577722
0.0000036600	-6588.031483	-275.487350
0.0000036700	-6708.995084	-280.303751
0.0000036800	-6829.073280	-285.026688
0.0000036900	-6949.035832	-289.656011
0.0000037000	-7067.138780	-294.191650
0.0000037100	-7183.729058	-298.633615
0.0000037200	-7298.452333	-302.981997
0.0000037300	-7410.322356	-307.236960
0.0000037400	-7519.496419	-311.398746
0.0000037500	-7625.320407	-315.467666
0.0000037600	-7729.127500	-319.444102
0.0000037700	-7831.269279	-323.328503
0.0000037800	-7932.309166	-327.121382
0.0000037900	-8033.457297	-330.823313
0.0000038000	-8134.598028	-334.434930
0.0000038100	-8234.816358	-337.956922
0.0000038200	-8332.223083	-341.390030
0.0000038300	-8426.264934	-344.735047
0.0000038400	-8518.954155	-347.992809
0.0000038500	-8611.498134	-351.164199
0.0000038600	-8703.198357	-354.250138
0.0000038700	-8792.519953	-357.251584
0.0000038800	-8877.569072	-360.169527
0.0000038900	-8960.291362	-363.004989
0.0000039000	-9042.069051	-365.759018
0.0000039100	-9122.752247	-368.432683
0.0000039200	-9203.435443	-371.027075
0.0000039300	-9282.554170	-373.543299
0.0000039400	-9358.386668	-375.982474
0.0000039500	-9429.808846	-378.345727
0.0000039600	-9498.254729	-380.634190
0.0000039700	-9563.847360	-382.848999
0.0000039800	-9625.809580	-384.991287
0.0000039900	-9686.618110	-387.062183
0.0000040000	-9745.768727	-389.062806
0.0000040100	-9801.778356	-390.994268
0.0000040200	-9856.159671	-392.857661
0.0000040300	-9909.185606	-394.654062
0.0000040400	-9959.508182	-396.384528
0.0000040500	-10008.362484	-398.050090
0.0000040600	-10056.294384	-399.651752
0.0000040700	-10101.522925	-401.190489
0.0000040800	-10143.913013	-402.667244
0.0000040900	-10184.682186	-404.082923
0.0000041000	-10224.629802	-405.438394
0.0000041100	-10263.438526	-406.734488
0.0000041200	-10300.301602	-407.971988
0.0000041300	-10334.461319	-409.151635
0.0000041400	-10363.836935	-410.274124
0.0000041500	-10391.117010	-411.340098
0.0000041600	-10416.175750	-412.350150
0.0000041700	-10436.745524	-413.304821
0.0000041800	-10455.507492	-414.204597
0.0000041900	-10473.772635	-415.049907
0.0000042000	-10491.186624	-415.841126
0.0000042100	-10504.997049	-416.578568
0.0000042200	-10516.286356	-417.262488
0.0000042300	-10526.048192	-417.893082
0.0000042400	-10533.957825	-418.470483
0.0000042500	-10540.534277	-418.994766
0.0000042600	-10544.444367	-419.465940
