Tiempo_(s)	Campo_(A/m)	Magnetizacion_(A/m)
0.0000000000	-31127.801986	-935.124949
0.0000000100	-31125.110465	-935.112551
0.0000000200	-31114.927711	-935.004940
0.0000000300	-31094.806520	-934.807906
0.0000000400	-31069.953171	-934.527418
0.0000000500	-31041.418098	-934.169583
0.0000000600	-31005.672954	-933.740613
0.0000000700	-30963.522840	-933.246780
0.0000000800	-30915.682091	-932.694375
0.0000000900	-30857.155301	-932.089667
0.0000001000	-30787.220455	-931.438855
0.0000001100	-30710.745176	-930.748025
0.0000001200	-30631.481477	-930.023103
0.0000001300	-30549.195455	-929.269805
0.0000001400	-30457.477022	-928.493595
0.0000001500	-30355.371622	-927.699634
0.0000001600	-30252.792102	-926.892737
0.0000001700	-30142.322638	-926.077326
0.0000001800	-30020.914121	-925.257382
0.0000001900	-29900.175241	-924.436409
0.0000002000	-29771.614149	-923.617385
0.0000002100	-29632.893512	-922.802727
0.0000002200	-29491.394692	-921.994251
0.0000002300	-29343.603331	-921.193137
0.0000002400	-29185.185984	-920.399897
0.0000002500	-29020.925989	-919.614344
0.0000002600	-28855.832746	-918.835566
0.0000002700	-28679.399178	-918.061903
0.0000002800	-28498.853271	-917.290927
0.0000002900	-28319.871500	-916.519423
0.0000003000	-28126.261276	-915.743381
0.0000003100	-27923.996952	-914.957984
0.0000003200	-27720.453409	-914.157606
0.0000003300	-27508.290231	-913.335808
0.0000003400	-27288.671647	-912.485347
0.0000003500	-27068.774460	-911.598179
0.0000003600	-26842.522120	-910.665477
0.0000003700	-26606.266171	-909.677642
0.0000003800	-26366.802619	-908.624330
0.0000003900	-26121.054203	-907.494470
0.0000004000	-25866.367968	-906.276303
0.0000004100	-25608.421753	-904.957406
0.0000004200	-25349.725373	-903.524738
0.0000004300	-25081.734604	-901.964675
0.0000004400	-24803.273783	-900.263060
0.0000004500	-24521.151711	-898.405248
0.0000004600	-24232.937734	-896.376160
0.0000004700	-23936.851727	-894.160339
0.0000004800	-23638.045031	-891.742006
0.0000004900	-23338.084342	-889.105123
0.0000005000	-23029.772384	-886.233455
0.0000005100	-22713.252298	-883.110633
0.0000005200	-22392.792358	-879.720225
0.0000005300	-22066.125523	-876.045803
0.0000005400	-21734.531013	-872.071013
0.0000005500	-21402.597845	-867.779643
0.0000005600	-21067.113299	-863.155699
0.0000005700	-20725.695342	-858.183473
0.0000005800	-20382.281270	-852.847614
0.0000005900	-20036.983514	-847.133201
0.0000006000	-19683.928718	-841.025812
0.0000006100	-19322.876664	-834.511592
0.0000006200	-18958.890491	-827.577323
0.0000006300	-18591.496080	-820.210486
0.0000006400	-18220.099201	-812.399329
0.0000006500	-17845.359256	-804.132922
0.0000006600	-17466.880092	-795.401221
0.0000006700	-17084.601656	-786.195121
0.0000006800	-16699.449154	-776.506509
0.0000006900	-16311.763804	-766.328310
0.0000007000	-15922.332791	-755.654534
0.0000007100	-15527.218822	-744.480316
0.0000007200	-15124.772114	-732.801952
0.0000007300	-14719.182975	-720.616931
0.0000007400	-14310.258446	-707.923962
0.0000007500	-13898.199163	-694.722998
0.0000007600	-13482.864545	-681.015251
0.0000007700	-13064.864175	-666.803207
0.0000007800	-12644.258107	-652.090633
0.0000007900	-12220.572220	-636.882576
0.0000008000	-11791.341399	-621.185368
0.0000008100	-11357.982883	-605.006608
0.0000008200	-10924.692099	-588.355159
0.0000008300	-10488.787940	-571.241121
0.0000008400	-10049.089626	-553.675813
0.0000008500	-9608.523598	-535.671744
0.0000008600	-9167.014449	-517.242579
0.0000008700	-8723.308550	-498.403102
0.0000008800	-8279.271671	-479.169172
0.0000008900	-7833.892958	-459.557678
0.0000009000	-7385.309201	-439.586490
0.0000009100	-6935.396407	-419.274400
0.0000009200	-6485.616516	-398.641066
0.0000009300	-6035.232161	-377.706951
0.0000009400	-5584.383922	-356.493256
0.0000009500	-5133.600855	-335.021853
0.0000009600	-4681.681709	-313.315215
0.0000009700	-4228.897409	-291.396344
0.0000009800	-3775.975087	-269.288695
0.0000009900	-3320.650261	-247.016099
0.0000010000	-2864.262205	-224.602690
0.0000010100	-2408.332914	-202.072820
0.0000010200	-1950.801101	-179.450988
0.0000010300	-1492.005423	-156.761755
0.0000010400	-1031.469201	-134.029666
0.0000010500	-569.872307	-111.279175
0.0000010600	-109.549516	-88.534566
0.0000010700	349.379066	-65.819875
0.0000010800	807.640570	-43.158816
0.0000010900	1265.430514	-20.574711
0.0000011000	1723.754631	1.909586
0.0000011100	2182.748385	24.271750
0.0000011200	2641.273138	46.490058
0.0000011300	3098.062464	68.543445
0.0000011400	3552.175802	90.411568
0.0000011500	4006.166472	112.074858
0.0000011600	4461.288104	133.514572
0.0000011700	4914.127341	154.712843
0.0000011800	5364.777503	175.652722
0.0000011900	5815.625742	196.318218
0.0000012000	6265.937248	216.694330
0.0000012100	6715.649407	236.767082
0.0000012200	7164.556467	256.523544
0.0000012300	7612.194543	275.951856
0.0000012400	8058.430733	295.041242
0.0000012500	8502.402440	313.782021
0.0000012600	8944.425290	332.165616
0.0000012700	9383.579194	350.184553
0.0000012800	9821.344006	367.832457
0.0000012900	10259.096023	385.104049
0.0000013000	10694.252578	401.995127
0.0000013100	11127.467953	418.502556
0.0000013200	11558.069953	434.624239
0.0000013300	11984.937853	450.359099
0.0000013400	12407.131090	465.707048
0.0000013500	12825.790861	480.668948
0.0000013600	13243.048744	495.246584
0.0000013700	13658.430621	509.442616
0.0000013800	14071.211918	523.260540
0.0000013900	14480.858461	536.704641
0.0000014000	14887.899305	549.779945
0.0000014100	15292.188753	562.492169
0.0000014200	15690.740307	574.847666
0.0000014300	16083.890066	586.853372
0.0000014400	16473.029680	598.516752
0.0000014500	16858.971927	609.845741
0.0000014600	17242.975554	620.848687
0.0000014700	17623.367747	631.534293
0.0000014800	17999.882700	641.911559
0.0000014900	18371.326838	651.989726
0.0000015000	18737.903355	661.778215
0.0000015100	19102.410906	671.286573
0.0000015200	19464.974719	680.524418
0.0000015300	19822.123942	689.501381
0.0000015400	20171.932749	698.227058
0.0000015500	20517.408109	706.710956
0.0000015600	20859.404940	714.962449
0.0000015700	21196.195492	722.990725
0.0000015800	21529.588042	730.804748
0.0000015900	21861.774222	738.413215
0.0000016000	22189.749622	745.824519
0.0000016100	22512.180087	753.046715
0.0000016200	22829.802985	760.087485
0.0000016300	23141.213870	766.954114
0.0000016400	23445.886245	773.653466
0.0000016500	23746.220055	780.191957
0.0000016600	24041.876642	786.575546
0.0000016700	24331.188313	792.809715
0.0000016800	24615.020221	798.899462
0.0000016900	24892.976214	804.849294
0.0000017000	25162.794368	810.663224
0.0000017100	25427.004974	816.344775
0.0000017200	25686.668703	821.896980
0.0000017300	25940.790055	827.322394
0.0000017400	26189.439322	832.623102
0.0000017500	26431.813962	837.800736
0.0000017600	26669.779746	842.856492
0.0000017700	26903.208890	847.791152
0.0000017800	27131.288615	852.605104
0.0000017900	27352.887960	857.298371
0.0000018000	27568.087453	861.870636
0.0000018100	27777.671719	866.321275
0.0000018200	27980.108528	870.649388
0.0000018300	28176.010022	874.853834
0.0000018400	28368.443222	878.933262
0.0000018500	28556.936568	882.886151
0.0000018600	28739.476032	886.710847
0.0000018700	28914.464208	890.405595
0.0000018800	29081.786108	893.968586
0.0000018900	29244.235268	897.397986
0.0000019000	29401.600817	900.691978
0.0000019100	29551.432993	903.848798
0.0000019200	29696.720850	906.866773
0.0000019300	29834.986477	909.744351
0.0000019400	29964.843339	912.480140
0.0000019500	30088.693942	915.072939
0.0000019600	30207.408557	917.521766
0.0000019700	30321.776930	919.825890
0.0000019800	30428.395940	921.984853
0.0000019900	30527.413845	923.998500
0.0000020000	30622.020335	925.866993
0.0000020100	30710.672942	927.590834
0.0000020200	30790.783882	929.170881
0.0000020300	30863.689869	930.608356
0.0000020400	30930.388961	931.904862
0.0000020500	30990.125876	933.062379
0.0000020600	31040.721777	934.083277
0.0000020700	31084.250748	934.970309
0.0000020800	31122.628376	935.726609
0.0000020900	31153.801052	936.355686
0.0000021000	31178.699101	936.861411
0.0000021100	31198.925046	937.248006
0.0000021200	31212.662935	937.520023
0.0000021300	31217.989500	937.682328
0.0000021400	31216.176285	937.740074
0.0000021500	31208.755522	937.698675
0.0000021600	31196.394287	937.563779
0.0000021700	31178.621022	937.341235
0.0000021800	31155.037013	937.037055
0.0000021900	31123.302372	936.657384
0.0000022000	31083.427333	936.208454
0.0000022100	31038.280843	935.696548
0.0000022200	30988.261614	935.127955
0.0000022300	30928.059810	934.508929
0.0000022400	30850.839843	933.845639
0.0000022500	30764.584979	933.144127
0.0000022600	30683.338317	932.410262
0.0000022700	30602.123560	931.649688
0.0000022800	30505.329550	930.867785
0.0000022900	30397.973529	930.069615
0.0000023000	30296.618651	929.259878
0.0000023100	30188.203155	928.442869
0.0000023200	30061.002166	927.622431
0.0000023300	29937.686095	926.801914
0.0000023400	29811.387283	925.984132
0.0000023500	29667.007078	925.171326
0.0000023600	29522.600086	924.365123
0.0000023700	29378.616034	923.566508
0.0000023800	29219.190750	922.775786
0.0000023900	29050.076287	921.992554
0.0000024000	28882.799445	921.215679
0.0000024100	28705.621190	920.443272
0.0000024200	28518.128818	919.672671
0.0000024300	28330.488187	918.900422
0.0000024400	28133.024111	918.122276
0.0000024500	27926.760237	917.333172
0.0000024600	27717.627416	916.527240
0.0000024700	27503.546448	915.697799
0.0000024800	27283.857931	914.837366
0.0000024900	27058.027691	913.937660
0.0000025000	26828.382824	912.989620
0.0000025100	26590.058267	911.983421
0.0000025200	26344.809920	910.908497
0.0000025300	26100.155801	909.753571
0.0000025400	25847.867309	908.506677
0.0000025500	25585.249347	907.155205
0.0000025600	25323.108063	905.685934
0.0000025700	25056.805818	904.085074
0.0000025800	24780.880762	902.338318
0.0000025900	24497.560355	900.430884
0.0000026000	24207.363415	898.347574
0.0000026100	23912.283500	896.072829
0.0000026200	23611.275293	893.590785
0.0000026300	23307.927195	890.885338
0.0000026400	22999.425196	887.940205
0.0000026500	22682.720186	884.738993
0.0000026600	22363.823544	881.265264
0.0000026700	22043.238735	877.502603
0.0000026800	21714.698810	873.434692
0.0000026900	21378.771210	869.045377
0.0000027000	21040.303084	864.318742
0.0000027100	20695.878516	859.239179
0.0000027200	20345.525656	853.791458
0.0000027300	19994.573450	847.960802
0.0000027400	19641.341407	841.732950
0.0000027500	19281.706952	835.094232
0.0000027600	18919.409304	828.031633
0.0000027700	18555.084832	820.532857
0.0000027800	18182.346478	812.586392
0.0000027900	17803.083044	804.181570
0.0000028000	17420.940428	795.308620
0.0000028100	17035.001097	785.958732
0.0000028200	16646.925070	776.124098
0.0000028300	16256.305959	765.797963
0.0000028400	15861.947628	754.974673
0.0000028500	15463.782348	743.649705
0.0000028600	15063.089337	731.819712
0.0000028700	14660.186780	719.482545
0.0000028800	14253.467036	706.637285
0.0000028900	13840.209418	693.284261
0.0000029000	13422.480331	679.425065
0.0000029100	13001.543640	665.062568
0.0000029200	12576.541869	650.200919
0.0000029300	12150.810406	634.845554
0.0000029400	11724.341575	619.003184
0.0000029500	11295.931565	602.681790
0.0000029600	10864.246220	585.890606
0.0000029700	10429.087464	568.640103
0.0000029800	9991.200341	550.941960
0.0000029900	9552.315161	532.809035
0.0000030000	9112.692613	514.255334
0.0000030100	8670.532098	495.295967
0.0000030200	8226.964578	475.947108
0.0000030300	7782.466732	456.225947
0.0000030400	7336.770192	436.150633
0.0000030500	6890.271112	415.740228
0.0000030600	6442.703684	395.014635
0.0000030700	5994.536909	373.994547
0.0000030800	5546.839136	352.701374
0.0000030900	5099.667860	331.157175
0.0000031000	4649.888326	309.384589
0.0000031100	4195.908250	287.406763
0.0000031200	3740.528845	265.247272
0.0000031300	3284.948805	242.930046
0.0000031400	2826.755390	220.479292
0.0000031500	2366.696204	197.919417
0.0000031600	1906.516910	175.274944
0.0000031700	1444.993223	152.570438
0.0000031800	983.409483	129.830427
0.0000031900	523.157339	107.079321
0.0000032000	63.634886	84.341336
0.0000032100	-395.945062	61.640420
0.0000032200	-854.529512	39.000177
0.0000032300	-1313.043670	16.443797
0.0000032400	-1772.162294	-6.006018
0.0000032500	-2232.020845	-28.327119
0.0000032600	-2692.794368	-50.497971
0.0000032700	-3151.042719	-72.497722
0.0000032800	-3607.756279	-94.306253
0.0000032900	-4062.526101	-115.904239
0.0000033000	-4515.437830	-137.273196
0.0000033100	-4968.467108	-158.395527
0.0000033200	-5418.426804	-179.254567
0.0000033300	-5866.593579	-199.834617
0.0000033400	-6314.960989	-220.120982
0.0000033500	-6762.192319	-240.099997
0.0000033600	-7209.090110	-259.759051
0.0000033700	-7655.847321	-279.086607
0.0000033800	-8101.275494	-298.072218
0.0000033900	-8544.165700	-316.706533
0.0000034000	-8984.640607	-334.981306
0.0000034100	-9423.116839	-352.889393
0.0000034200	-9858.327973	-370.424749
0.0000034300	-10292.006875	-387.582420
0.0000034400	-10725.545195	-404.358526
0.0000034500	-11155.938526	-420.750244
0.0000034600	-11582.798391	-436.755789
0.0000034700	-12008.524735	-452.374382
0.0000034800	-12432.648557	-467.606223
0.0000034900	-12852.897698	-482.452457
0.0000035000	-13269.874063	-496.915133
0.0000035100	-13685.182732	-510.997170
0.0000035200	-14095.272329	-524.702303
0.0000035300	-14499.293052	-538.035046
0.0000035400	-14900.911272	-551.000636
0.0000035500	-15299.186425	-563.604988
0.0000035600	-15693.592014	-575.854635
0.0000035700	-16083.995136	-587.756677
0.0000035800	-16472.665392	-599.318728
0.0000035900	-16859.259005	-610.548851
0.0000036000	-17242.118517	-621.455506
0.0000036100	-17623.839391	-632.047494
0.0000036200	-18001.740520	-642.333891
0.0000036300	-18372.236060	-652.323999
0.0000036400	-18736.662728	-662.027283
0.0000036500	-19098.217889	-671.453317
0.0000036600	-19457.167353	-680.611726
0.0000036700	-19811.309250	-689.512140
0.0000036800	-20161.711927	-698.164131
0.0000036900	-20509.042465	-706.577172
0.0000037000	-20852.240190	-714.760584
0.0000037100	-21192.897389	-722.723495
0.0000037200	-21529.333573	-730.474792
0.0000037300	-21856.821701	-738.023084
0.0000037400	-22177.774513	-745.376667
0.0000037500	-22495.459666	-752.543487
0.0000037600	-22808.204350	-759.531109
0.0000037700	-23116.738254	-766.346695
0.0000037800	-23421.668401	-772.996976
0.0000037900	-23722.395447	-779.488233
0.0000038000	-24019.310424	-785.826283
0.0000038100	-24308.869632	-792.016463
0.0000038200	-24588.954286	-798.063625
0.0000038300	-24863.970684	-803.972128
0.0000038400	-25134.638281	-809.745838
0.0000038500	-25398.632540	-815.388130
0.0000038600	-25656.214151	-820.901891
0.0000038700	-25906.051517	-826.289535
0.0000038800	-26151.224456	-831.553010
0.0000038900	-26393.723965	-836.693816
0.0000039000	-26630.548194	-841.713020
0.0000039100	-26863.026182	-846.611285
0.0000039200	-27090.566257	-851.388885
0.0000039300	-27312.496225	-856.045740
0.0000039400	-27528.615450	-860.581436
0.0000039500	-27739.265148	-864.995265
0.0000039600	-27943.822942	-869.286249
0.0000039700	-28139.505529	-873.453180
0.0000039800	-28329.989516	-877.494654
0.0000039900	-28515.926624	-881.409104
0.0000040000	-28693.851122	-885.194843
0.0000040100	-28866.702244	-888.850097
0.0000040200	-29035.478051	-892.373044
0.0000040300	-29196.642516	-895.761851
0.0000040400	-29349.794369	-899.014714
0.0000040500	-29497.205770	-902.129892
0.0000040600	-29638.478007	-905.105744
0.0000040700	-29773.066671	-907.940765
0.0000040800	-29902.519347	-910.633614
0.0000040900	-30028.568902	-913.183154
0.0000041000	-30147.658839	-915.588476
0.0000041100	-30257.271665	-917.848927
0.0000041200	-30361.818793	-919.964138
0.0000041300	-30460.750696	-921.934047
0.0000041400	-30551.537083	-923.758917
0.0000041500	-30636.723599	-925.439354
0.0000041600	-30718.165778	-926.976324
0.0000041700	-30791.582550	-928.371164
0.0000041800	-30855.319016	-929.625588
0.0000041900	-30911.655012	-930.741694
0.0000042000	-30961.911899	-931.721966
0.0000042100	-31005.959332	-932.569273
0.0000042200	-31044.532120	-933.286861
0.0000042300	-31075.952332	-933.878351
0.0000042400	-31098.494779	-934.347719
0.0000042500	-31114.499351	-934.699288
0.0000042600	-31124.896374	-934.937708
0.0000042700	-31128.682673	-935.067932
