Tiempo_(s)	Campo_(A/m)	Magnetizacion_(A/m)
0.0000000000	-31108.065840	-1177.177232
0.0000000100	-31107.016094	-1177.295336
0.0000000200	-31098.843971	-1177.299654
0.0000000300	-31082.170762	-1177.196937
0.0000000400	-31060.620994	-1176.994151
0.0000000500	-31034.983928	-1176.698429
0.0000000600	-31001.732496	-1176.317030
0.0000000700	-30960.944545	-1175.857287
0.0000000800	-30916.775611	-1175.326560
0.0000000900	-30865.913151	-1174.732184
0.0000001000	-30801.312634	-1174.081414
0.0000001100	-30726.574071	-1173.381369
0.0000001200	-30647.572709	-1172.638980
0.0000001300	-30567.426576	-1171.860929
0.0000001400	-30479.924328	-1171.053595
0.0000001500	-30379.979783	-1170.222998
0.0000001600	-30276.464244	-1169.374739
0.0000001700	-30167.716636	-1168.513947
0.0000001800	-30049.220811	-1167.645226
0.0000001900	-29926.730044	-1166.772599
0.0000002000	-29800.960853	-1165.899457
0.0000002100	-29665.263240	-1165.028513
0.0000002200	-29521.751245	-1164.161751
0.0000002300	-29376.928980	-1163.300388
0.0000002400	-29222.046716	-1162.444829
0.0000002500	-29059.798332	-1161.594630
0.0000002600	-28897.540342	-1160.748466
0.0000002700	-28724.228569	-1159.904103
0.0000002800	-28544.461711	-1159.058369
0.0000002900	-28365.074876	-1158.207136
0.0000003000	-28175.818251	-1157.345303
0.0000003100	-27975.439405	-1156.466783
0.0000003200	-27772.931610	-1155.564499
0.0000003300	-27565.761780	-1154.630381
0.0000003400	-27350.543831	-1153.655370
0.0000003500	-27133.922860	-1152.629427
0.0000003600	-26911.261144	-1151.541546
0.0000003700	-26676.946395	-1150.379776
0.0000003800	-26436.985235	-1149.131245
0.0000003900	-26194.135280	-1147.782187
0.0000004000	-25943.607623	-1146.317982
0.0000004100	-25686.196228	-1144.723193
0.0000004200	-25426.344103	-1142.981613
0.0000004300	-25160.446331	-1141.076312
0.0000004400	-24884.902702	-1138.989698
0.0000004500	-24601.968639	-1136.703569
0.0000004600	-24314.167822	-1134.199179
0.0000004700	-24020.647651	-1131.457307
0.0000004800	-23723.775715	-1128.458326
0.0000004900	-23425.008767	-1125.182277
0.0000005000	-23118.228018	-1121.608949
0.0000005100	-22802.595379	-1117.717953
0.0000005200	-22482.953288	-1113.488812
0.0000005300	-22160.354163	-1108.901039
0.0000005400	-21832.912598	-1103.934226
0.0000005500	-21501.870822	-1098.568132
0.0000005600	-21167.589446	-1092.782768
0.0000005700	-20828.528966	-1086.558487
0.0000005800	-20485.712385	-1079.876072
0.0000005900	-20138.379854	-1072.716824
0.0000006000	-19783.301380	-1065.062650
0.0000006100	-19423.273205	-1056.896147
0.0000006200	-19061.900440	-1048.200688
0.0000006300	-18697.288076	-1038.960501
0.0000006400	-18327.521488	-1029.160752
0.0000006500	-17954.067038	-1018.787621
0.0000006600	-17577.051400	-1007.828372
0.0000006700	-17195.602561	-996.271427
0.0000006800	-16811.055305	-984.106431
0.0000006900	-16424.320667	-971.324310
0.0000007000	-16032.509851	-957.917332
0.0000007100	-15633.069961	-943.879158
0.0000007200	-15230.278306	-929.204886
0.0000007300	-14825.835182	-913.891097
0.0000007400	-14417.991664	-897.935887
0.0000007500	-14006.270271	-881.338897
0.0000007600	-13591.484582	-864.101339
0.0000007700	-13174.263064	-846.226013
0.0000007800	-12754.893186	-827.717317
0.0000007900	-12331.650336	-808.581252
0.0000008000	-11903.496807	-788.825424
0.0000008100	-11472.566449	-768.459032
0.0000008200	-11039.166142	-747.492856
0.0000008300	-10603.826899	-725.939235
0.0000008400	-10167.113850	-703.812045
0.0000008500	-9728.651875	-681.126659
0.0000008600	-9288.158408	-657.899911
0.0000008700	-8846.291136	-634.150054
0.0000008800	-8402.928287	-609.896703
0.0000008900	-7956.939598	-585.160786
0.0000009000	-7509.635538	-559.964476
0.0000009100	-7062.112249	-534.331128
0.0000009200	-6614.057948	-508.285208
0.0000009300	-6164.917310	-481.852217
0.0000009400	-5712.741593	-455.058609
0.0000009500	-5259.313841	-427.931713
0.0000009600	-4805.798438	-400.499641
0.0000009700	-4350.621760	-372.791200
0.0000009800	-3894.227169	-344.835804
0.0000009900	-3438.329468	-316.663372
0.0000010000	-2982.465888	-288.304239
0.0000010100	-2525.106731	-259.789055
0.0000010200	-2067.274996	-231.148690
0.0000010300	-1609.224033	-202.414129
0.0000010400	-1151.173070	-173.616384
0.0000010500	-693.122107	-144.786384
0.0000010600	-234.545035	-115.954886
0.0000010700	225.629974	-87.152379
0.0000010800	685.994994	-58.408985
0.0000010900	1145.789980	-29.754369
0.0000011000	1605.935772	-1.217653
0.0000011100	2065.399563	27.172676
0.0000011200	2524.288418	55.388844
0.0000011300	2983.961633	83.403875
0.0000011400	3442.582630	111.191661
0.0000011500	3899.449799	138.727040
0.0000011600	4355.128270	165.985856
0.0000011700	4810.241611	192.945024
0.0000011800	5265.452408	219.582590
0.0000011900	5719.011737	245.877777
0.0000012000	6170.071900	271.811035
0.0000012100	6618.818006	297.364080
0.0000012200	7066.843089	322.519929
0.0000012300	7514.712281	347.262930
0.0000012400	7961.772798	371.578784
0.0000012500	8407.459510	395.454561
0.0000012600	8851.426513	418.878714
0.0000012700	9293.147699	441.841082
0.0000012800	9732.243045	464.332889
0.0000012900	10167.406985	486.346739
0.0000013000	10599.720954	507.876600
0.0000013100	11031.099575	528.917792
0.0000013200	11460.549064	549.466958
0.0000013300	11888.298256	569.522037
0.0000013400	12313.967327	589.082233
0.0000013500	12735.641656	608.147971
0.0000013600	13153.715774	626.720860
0.0000013700	13569.544074	644.803640
0.0000013800	13982.030415	662.400134
0.0000013900	14391.389121	679.515193
0.0000014000	14798.404554	696.154635
0.0000014100	15202.769831	712.325187
0.0000014200	15604.290041	728.034416
0.0000014300	16001.070170	743.290669
0.0000014400	16391.351488	758.103000
0.0000014500	16778.880291	772.481102
0.0000014600	17163.568929	786.435235
0.0000014700	17543.132562	799.976156
0.0000014800	17920.007017	813.115046
0.0000014900	18292.886729	825.863435
0.0000015000	18660.738893	838.233138
0.0000015100	19025.492640	850.236176
0.0000015200	19388.034690	861.884710
0.0000015300	19745.734299	873.190973
0.0000015400	20098.036143	884.167203
0.0000015500	20444.901199	894.825576
0.0000015600	20787.099117	905.178149
0.0000015700	21127.928133	915.236798
0.0000015800	21464.640634	925.013161
0.0000015900	21795.765359	934.518589
0.0000016000	22121.511729	943.764092
0.0000016100	22442.815093	952.760297
0.0000016200	22760.844738	961.517404
0.0000016300	23074.231759	970.045152
0.0000016400	23379.931272	978.352782
0.0000016500	23679.404734	986.449009
0.0000016600	23975.882139	994.342001
0.0000016700	24267.580440	1002.039353
0.0000016800	24554.470422	1009.548077
0.0000016900	24836.147747	1016.874589
0.0000017000	25111.828055	1024.024700
0.0000017100	25379.479854	1031.003619
0.0000017200	25639.882602	1037.815954
0.0000017300	25895.788813	1044.465717
0.0000017400	26145.727223	1050.956334
0.0000017500	26390.355520	1057.290664
0.0000017600	26629.985485	1063.471018
0.0000017700	26864.831445	1069.499175
0.0000017800	27095.624228	1075.376415
0.0000017900	27319.703873	1081.103546
0.0000018000	27536.592901	1086.680934
0.0000018100	27748.361827	1092.108543
0.0000018200	27955.259096	1097.385965
0.0000018300	28156.286021	1102.512466
0.0000018400	28351.686147	1107.487026
0.0000018500	28541.371821	1112.308377
0.0000018600	28723.379793	1116.975054
0.0000018700	28898.382256	1121.485435
0.0000018800	29068.513062	1125.837787
0.0000018900	29232.276634	1130.030314
0.0000019000	29389.507274	1134.061200
0.0000019100	29542.173138	1137.928655
0.0000019200	29689.446138	1141.630958
0.0000019300	29828.378848	1145.166502
0.0000019400	29959.775037	1148.533833
0.0000019500	30085.646786	1151.731692
0.0000019600	30205.648193	1154.759052
0.0000019700	30319.243343	1157.615154
0.0000019800	30427.211692	1160.299538
0.0000019900	30530.094059	1162.812076
0.0000020000	30625.634820	1165.152997
0.0000020100	30713.746324	1167.322911
0.0000020200	30794.735451	1169.322829
0.0000020300	30869.503430	1171.154182
0.0000020400	30937.811620	1172.818832
0.0000020500	30997.063399	1174.319080
0.0000020600	31047.161309	1175.657674
0.0000020700	31090.166059	1176.837808
0.0000020800	31126.798672	1177.863121
0.0000020900	31156.489114	1178.737686
0.0000021000	31181.278682	1179.466002
0.0000021100	31201.016387	1180.052981
0.0000021200	31213.315029	1180.503921
0.0000021300	31217.989500	1180.824491
0.0000021400	31216.886182	1181.020699
0.0000021500	31209.785848	1181.098862
0.0000021600	31196.405930	1181.065576
0.0000021700	31178.334561	1180.927671
0.0000021800	31156.107656	1180.692176
0.0000021900	31127.026430	1180.366274
0.0000022000	31089.414901	1179.957255
0.0000022100	31046.483452	1179.472469
0.0000022200	30998.056781	1178.919272
0.0000022300	30941.338646	1178.304976
0.0000022400	30869.542769	1177.636796
0.0000022500	30783.945298	1176.921791
0.0000022600	30699.097868	1176.166812
0.0000022700	30618.459706	1175.378442
0.0000022800	30528.029799	1174.562939
0.0000022900	30422.458415	1173.726183
0.0000023000	30321.334739	1172.873618
0.0000023100	30217.931525	1172.010194
0.0000023200	30093.594734	1171.140317
0.0000023300	29966.324824	1170.267796
0.0000023400	29842.090194	1169.395788
0.0000023500	29704.546357	1168.526758
0.0000023600	29558.881059	1167.662427
0.0000023700	29416.377714	1166.803729
0.0000023800	29261.281283	1165.950778
0.0000023900	29092.865442	1165.102826
0.0000024000	28924.400972	1164.258232
0.0000024100	28746.602428	1163.414436
0.0000024200	28561.291678	1162.567934
0.0000024300	28375.703266	1161.714260
0.0000024400	28183.694087	1160.847967
0.0000024500	27982.311812	1159.962623
0.0000024600	27773.548908	1159.050804
0.0000024700	27558.852324	1158.104092
0.0000024800	27338.943084	1157.113084
0.0000024900	27112.910151	1156.067401
0.0000025000	26882.960322	1154.955704
0.0000025100	26650.306807	1153.765716
0.0000025200	26407.968413	1152.484248
0.0000025300	26162.024904	1151.097232
0.0000025400	25913.231623	1149.589757
0.0000025500	25653.189645	1147.946111
0.0000025600	25388.660737	1146.149827
0.0000025700	25121.174794	1144.183739
0.0000025800	24846.917279	1142.030031
0.0000025900	24567.218074	1139.670306
0.0000026000	24281.088296	1137.085644
0.0000026100	23987.495142	1134.256673
0.0000026200	23686.930599	1131.163641
0.0000026300	23382.327389	1127.786492
0.0000026400	23075.950938	1124.104943
0.0000026500	22763.709046	1120.098566
0.0000026600	22446.673344	1115.746869
0.0000026700	22127.274956	1111.029385
0.0000026800	21800.359659	1105.925753
0.0000026900	21465.464482	1100.415810
0.0000027000	21127.251661	1094.479678
0.0000027100	20785.550793	1088.097848
0.0000027200	20438.973365	1081.251277
0.0000027300	20089.234183	1073.921468
0.0000027400	19736.260304	1066.090558
0.0000027500	19378.127299	1057.741408
0.0000027600	19016.637626	1048.857679
0.0000027700	18652.327398	1039.423920
0.0000027800	18279.555108	1029.425643
0.0000027900	17900.142623	1018.849399
0.0000028000	17519.633996	1007.682851
0.0000028100	17137.478803	995.914839
0.0000028200	16751.450639	983.535451
0.0000028300	16361.637154	970.536077
0.0000028400	15968.018939	956.909467
0.0000028500	15569.714174	942.649779
0.0000028600	15169.436353	927.752626
0.0000028700	14767.721389	912.215115
0.0000028800	14361.704802	896.035881
0.0000028900	13949.199209	879.215111
0.0000029000	13529.532216	861.754572
0.0000029100	13107.102904	843.657622
0.0000029200	12684.644375	824.929220
0.0000029300	12260.130039	805.575929
0.0000029400	11833.428321	785.605913
0.0000029500	11404.573340	765.028927
0.0000029600	10973.150954	743.856301
0.0000029700	10539.823750	722.100913
0.0000029800	10104.314066	699.777168
0.0000029900	9666.651120	676.900954
0.0000030000	9226.172322	653.489609
0.0000030100	8784.309913	629.561867
0.0000030200	8343.144212	605.137810
0.0000030300	7900.200368	580.238809
0.0000030400	7455.595251	554.887458
0.0000030500	7010.274013	529.107510
0.0000030600	6564.295089	502.923801
0.0000030700	6117.692600	476.362176
0.0000030800	5669.808859	449.449405
0.0000030900	5221.608433	422.213100
0.0000031000	4772.141464	394.681626
0.0000031100	4318.304631	366.884015
0.0000031200	3860.390108	338.849867
0.0000031300	3401.447682	310.609259
0.0000031400	2941.818353	282.192647
0.0000031500	2481.346230	253.630768
0.0000031600	2020.221323	224.954544
0.0000031700	1558.219503	196.194981
0.0000031800	1095.063105	167.383072
0.0000031900	631.458445	138.549699
0.0000032000	168.920711	109.725535
0.0000032100	-293.982338	80.940950
0.0000032200	-757.767205	52.225917
0.0000032300	-1221.118516	23.609922
0.0000032400	-1682.686782	-4.878126
0.0000032500	-2143.972483	-33.209981
0.0000032600	-2605.199749	-61.358139
0.0000032700	-3063.557632	-89.295919
0.0000032800	-3520.721915	-116.997538
0.0000032900	-3976.858295	-144.438176
0.0000033000	-4429.750173	-171.594046
0.0000033100	-4880.415645	-198.442454
0.0000033200	-5330.209105	-224.961852
0.0000033300	-5779.413120	-251.131885
0.0000033400	-6226.303077	-276.933445
0.0000033500	-6671.629218	-302.348697
0.0000033600	-7116.892021	-327.361124
0.0000033700	-7561.872259	-351.955542
0.0000033800	-8006.448159	-376.118131
0.0000033900	-8448.997471	-399.836445
0.0000034000	-8888.989183	-423.099421
0.0000034100	-9327.319621	-445.897382
0.0000034200	-9763.993687	-468.222037
0.0000034300	-10198.797056	-490.066470
0.0000034400	-10631.632271	-511.425123
0.0000034500	-11060.974537	-532.293783
0.0000034600	-11487.783518	-552.669550
0.0000034700	-11912.775333	-572.550809
0.0000034800	-12336.607668	-591.937197
0.0000034900	-12760.318232	-610.829559
0.0000035000	-13181.822001	-629.229903
0.0000035100	-13598.605101	-647.141357
0.0000035200	-14009.615316	-664.568109
0.0000035300	-14414.911080	-681.515354
0.0000035400	-14816.665066	-697.989237
0.0000035500	-15216.392464	-713.996786
0.0000035600	-15612.933794	-729.545849
0.0000035700	-16005.670392	-744.645028
0.0000035800	-16393.963984	-759.303608
0.0000035900	-16780.099411	-773.531489
0.0000036000	-17163.803912	-787.339113
0.0000036100	-17544.380779	-800.737394
0.0000036200	-17922.029829	-813.737643
0.0000036300	-18293.311644	-826.351499
0.0000036400	-18657.836396	-838.590855
0.0000036500	-19019.204298	-850.467790
0.0000036600	-19379.042502	-861.994499
0.0000036700	-19735.606986	-873.183222
0.0000036800	-20087.299813	-884.046184
0.0000036900	-20434.325503	-894.595526
0.0000037000	-20778.735159	-904.843248
0.0000037100	-21119.866192	-914.801149
0.0000037200	-21456.685797	-924.480773
0.0000037300	-21788.112538	-933.893355
0.0000037400	-22113.288914	-943.049778
0.0000037500	-22432.706913	-951.960523
0.0000037600	-22748.193506	-960.635634
0.0000037700	-23059.777910	-969.084678
0.0000037800	-23365.647864	-977.316716
0.0000037900	-23665.394126	-985.340273
0.0000038000	-23960.483056	-993.163319
0.0000038100	-24250.086569	-1000.793246
0.0000038200	-24532.216900	-1008.236859
0.0000038300	-24809.066334	-1015.500362
0.0000038400	-25080.917436	-1022.589357
0.0000038500	-25347.580195	-1029.508841
0.0000038600	-25609.692886	-1036.263212
0.0000038700	-25864.186308	-1042.856275
0.0000038800	-26110.363754	-1049.291257
0.0000038900	-26352.195651	-1055.570823
0.0000039000	-26589.560228	-1061.697094
0.0000039100	-26822.243159	-1067.671671
0.0000039200	-27049.742650	-1073.495667
0.0000039300	-27270.679993	-1079.169730
0.0000039400	-27486.526450	-1084.694082
0.0000039500	-27698.465816	-1090.068551
0.0000039600	-27904.505622	-1095.292612
0.0000039700	-28103.583845	-1100.365426
0.0000039800	-28296.596811	-1105.285880
0.0000039900	-28483.520205	-1110.052633
0.0000040000	-28664.451486	-1114.664160
0.0000040100	-28838.879052	-1119.118794
0.0000040200	-29007.650601	-1123.414776
0.0000040300	-29169.938047	-1127.550298
0.0000040400	-29323.631853	-1131.523546
0.0000040500	-29470.690369	-1135.332751
0.0000040600	-29613.632369	-1138.976226
0.0000040700	-29751.235039	-1142.452414
0.0000040800	-29882.275560	-1145.759924
0.0000040900	-30007.635749	-1148.897575
0.0000041000	-30125.595899	-1151.864429
0.0000041100	-30235.366746	-1154.659827
0.0000041200	-30339.354902	-1157.283425
0.0000041300	-30438.880640	-1159.735214
0.0000041400	-30532.102481	-1162.015555
0.0000041500	-30618.382151	-1164.125196
0.0000041600	-30697.641804	-1166.065294
0.0000041700	-30767.002251	-1167.837429
0.0000041800	-30829.542299	-1169.443616
0.0000041900	-30887.118135	-1170.886312
0.0000042000	-30937.074703	-1172.168422
0.0000042100	-30980.405785	-1173.293294
0.0000042200	-31018.392632	-1174.264722
0.0000042300	-31049.456920	-1175.086929
0.0000042400	-31072.458579	-1175.764560
0.0000042500	-31088.737296	-1176.302665
0.0000042600	-31099.486670	-1176.706675
0.0000042700	-31105.491061	-1176.982381
