# 28 - 07 - 2022 - 15:53:03
# Concentración de la muestra: 25890 g/m^3
Nombre del archivo analizado	Frecuencia (kHz)	Campo Maximo (kA/m)	SAR (W/g)	Coercitividad (kA/m)	Remanencia (kA/m)	Peor quita de ruido porcentual
095kHz_030dA_100Mss_US_00.txt	97.837236	10.551178	0.271919	0.026282	0.001291	0.000000
095kHz_030dA_100Mss_US_01.txt	97.845346	10.551178	0.317828	0.095182	0.003971	0.000000
095kHz_060dA_100Mss_US_00.txt	97.805968	20.884584	0.226340	0.044413	0.002269	0.000000
095kHz_060dA_100Mss_US_01.txt	97.808409	20.884584	1.688657	0.051381	0.002358	0.000000
095kHz_090dA_100Mss_US_00.txt	97.856424	31.217989	5.027136	0.079118	0.003980	0.000000
095kHz_090dA_100Mss_US_01.txt	97.844560	31.217989	4.667000	0.083948	0.004780	0.000000
095kHz_120dA_100Mss_US_00.txt	97.879262	41.551395	7.487515	0.097257	0.004696	0.000000
095kHz_120dA_100Mss_US_01.txt	97.846308	41.551395	7.180754	0.322084	0.015878	0.000000
095kHz_150dA_100Mss_US_00.txt	97.917340	51.884801	1.187901	0.187566	0.008994	0.000000
095kHz_150dA_100Mss_US_01.txt	97.901759	51.884801	11.173921	0.032757	0.001651	0.000000
134kHz_030dA_100Mss_US_00.txt	134.468397	10.551178	0.011225	0.017996	0.000747	0.000000
134kHz_030dA_100Mss_US_01.txt	134.477738	10.551178	0.601077	0.073199	0.003337	0.000000
134kHz_060dA_100Mss_US_00.txt	134.486278	20.884584	6.808801	0.253449	0.013622	0.000000
134kHz_060dA_100Mss_US_01.txt	134.473308	20.884584	4.439503	0.180604	0.009327	0.000000
134kHz_090dA_100Mss_US_00.txt	134.540714	31.217989	24.273114	0.547827	0.030642	0.000000
134kHz_090dA_100Mss_US_01.txt	134.509915	31.217989	22.668367	0.512250	0.027846	0.000000
134kHz_120dA_100Mss_US_00.txt	134.634179	41.551395	48.489997	0.791652	0.043021	0.000000
134kHz_120dA_100Mss_US_01.txt	134.578231	41.551395	34.148927	0.574548	0.030263	0.000000
134kHz_150dA_100Mss_US_00.txt	134.773374	51.884801	41.079314	0.412002	0.025362	0.000000
134kHz_150dA_100Mss_US_01.txt	134.834263	51.884801	24.969059	0.289111	0.013712	0.000000
205kHz_030dA_100Mss_US_00.txt	208.375671	10.551178	4.103879	0.251907	0.011041	0.000000
205kHz_030dA_100Mss_US_01.txt	208.372874	10.551178	5.153906	0.291325	0.013962	0.000000
205kHz_060dA_100Mss_US_00.txt	208.236135	20.884584	42.780017	1.102383	0.060173	0.000000
205kHz_060dA_100Mss_US_01.txt	208.248713	20.884584	50.959962	1.234471	0.073159	0.000000
205kHz_090dA_100Mss_US_00.txt	208.256675	31.217989	64.461770	1.166912	0.059876	0.000000
205kHz_090dA_100Mss_US_01.txt	208.199114	31.217989	62.273304	1.064904	0.057562	0.000000
205kHz_120dA_100Mss_US_00.txt	208.315766	41.551395	73.289391	0.888734	0.053049	0.000000
205kHz_120dA_100Mss_US_01.txt	208.294789	41.551395	75.158495	0.927347	0.051228	0.000000
205kHz_150dA_100Mss_US_00.txt	208.396198	51.884801	73.011659	0.681075	0.039535	0.000000
205kHz_150dA_100Mss_US_01.txt	208.445424	51.884801	76.291482	0.664280	0.040143	0.000000
234kHz_030dA_100Mss_US_00.txt	234.300193	10.551178	10.006179	0.535430	0.025649	0.000000
234kHz_030dA_100Mss_US_01.txt	234.289062	10.551178	7.713903	0.447943	0.020042	0.000000
234kHz_060dA_100Mss_US_00.txt	234.096819	20.884584	61.493822	1.609300	0.080897	0.000000
234kHz_060dA_100Mss_US_01.txt	234.069680	20.884584	57.690050	1.383197	0.074163	0.000000
234kHz_090dA_100Mss_US_00.txt	234.031134	31.217989	121.352399	1.599375	0.108052	0.000000
234kHz_090dA_100Mss_US_01.txt	233.986218	31.217989	98.256468	1.653270	0.088484	0.000000
234kHz_120dA_100Mss_US_00.txt	233.970845	41.551395	148.665185	1.229174	0.095243	0.000000
234kHz_120dA_100Mss_US_01.txt	233.954409	41.551395	106.254831	1.364263	0.069094	0.000000
234kHz_150dA_100Mss_US_00.txt	234.048014	51.884801	97.883006	0.922962	0.049068	0.000000
234kHz_150dA_100Mss_US_01.txt	234.090295	51.884801	79.142991	0.702788	0.039616	0.000000
260kHz_030dA_100Mss_US_00.txt	262.656270	10.551178	15.381784	0.675683	0.034991	0.000000
260kHz_030dA_100Mss_US_01.txt	262.635367	10.551178	17.725241	0.683783	0.039680	0.000000
260kHz_060dA_100Mss_US_00.txt	262.042524	20.884584	88.338322	1.718006	0.108053	0.000000
260kHz_060dA_100Mss_US_01.txt	262.022772	20.884584	105.515841	2.090943	0.133358	0.000000
260kHz_090dA_100Mss_US_00.txt	261.968286	31.217989	163.254194	1.891546	0.133799	0.000000
260kHz_090dA_100Mss_US_01.txt	261.931912	31.217989	127.107883	1.593286	0.100856	0.000000
260kHz_120dA_100Mss_US_00.txt	262.194577	41.551395	60.058555	0.649425	0.036324	0.000000
260kHz_120dA_100Mss_US_01.txt	262.122083	41.551395	62.717866	0.567366	0.037449	0.000000
260kHz_150dA_100Mss_US_00.txt	262.435392	51.884801	12.463168	0.049688	0.002418	0.000000
260kHz_150dA_100Mss_US_01.txt	262.472241	51.884801	107.938481	0.870122	0.045923	0.000000
300kHz_010dA_100Mss_US_00.txt	300.165621	3.662241	0.221110	0.024809	0.001282	0.000000
300kHz_010dA_100Mss_US_01.txt	300.162607	3.662241	0.267047	0.033762	0.001629	0.000000
300kHz_030dA_100Mss_US_00.txt	299.870899	10.551178	26.434153	0.966164	0.053922	0.000000
300kHz_030dA_100Mss_US_01.txt	299.841888	10.551178	17.196991	0.724511	0.035109	0.000000
300kHz_090dA_100Mss_US_00.txt	299.067407	31.217989	74.336532	0.777857	0.049259	0.000000
300kHz_090dA_100Mss_US_01.txt	299.090480	31.217989	79.662345	0.743146	0.052342	0.000000
300kHz_150dA_100Mss_US_00.txt	299.938033	51.884801	72.407140	0.375959	0.026601	0.000000
300kHz_150dA_100Mss_US_01.txt	299.749606	51.884801	101.217827	0.655648	0.039697	0.000000
