# 28 - 07 - 2022 - 16:08:23
# Concentración de la muestra: 25890 g/m^3
Nombre del archivo analizado	Frecuencia (kHz)	Campo Maximo (kA/m)	SAR (W/g)	Coercitividad (kA/m)	Remanencia (kA/m)	Peor quita de ruido porcentual
095kHz_030dA_100Mss_US_00.txt	97.837236	10.551178	0.268887	0.023462	0.001132	0.000000
095kHz_030dA_100Mss_US_01.txt	97.845346	10.551178	0.311640	0.088933	0.003602	0.000000
095kHz_060dA_100Mss_US_00.txt	97.805968	20.884584	0.224090	0.073555	0.003534	0.000000
095kHz_060dA_100Mss_US_01.txt	97.808409	20.884584	1.689434	0.036992	0.001611	0.000000
095kHz_090dA_100Mss_US_00.txt	97.856424	31.217989	5.025952	0.057721	0.002724	0.000000
095kHz_090dA_100Mss_US_01.txt	97.844560	31.217989	4.709477	0.053176	0.002811	0.000000
095kHz_120dA_100Mss_US_00.txt	97.879262	41.551395	7.514667	0.082948	0.003697	0.000000
095kHz_120dA_100Mss_US_01.txt	97.846308	41.551395	7.264010	0.372045	0.017143	0.000000
095kHz_150dA_100Mss_US_00.txt	97.917340	51.884801	1.155348	0.227701	0.010140	0.000000
095kHz_150dA_100Mss_US_01.txt	97.901759	51.884801	11.198097	0.025794	0.001209	0.000000
134kHz_030dA_100Mss_US_00.txt	134.468397	10.551178	0.011114	0.011673	0.000471	0.000000
134kHz_030dA_100Mss_US_01.txt	134.477738	10.551178	0.600313	0.060781	0.002698	0.000000
134kHz_060dA_100Mss_US_00.txt	134.486278	20.884584	6.825019	0.237488	0.012076	0.000000
134kHz_060dA_100Mss_US_01.txt	134.473308	20.884584	4.446574	0.157380	0.007669	0.000000
134kHz_090dA_100Mss_US_00.txt	134.540714	31.217989	24.309531	0.560981	0.029482	0.000000
134kHz_090dA_100Mss_US_01.txt	134.509915	31.217989	22.701302	0.535968	0.027397	0.000000
134kHz_120dA_100Mss_US_00.txt	134.634179	41.551395	48.519348	0.797812	0.040573	0.000000
134kHz_120dA_100Mss_US_01.txt	134.578231	41.551395	34.149435	0.555405	0.027483	0.000000
134kHz_150dA_100Mss_US_00.txt	134.773374	51.884801	41.085619	0.421326	0.023656	0.000000
134kHz_150dA_100Mss_US_01.txt	134.834263	51.884801	24.994545	0.278874	0.012073	0.000000
205kHz_030dA_100Mss_US_00.txt	208.375671	10.551178	4.099779	0.251312	0.010894	0.000000
205kHz_030dA_100Mss_US_01.txt	208.372874	10.551178	5.151076	0.283779	0.013534	0.000000
205kHz_060dA_100Mss_US_00.txt	208.236135	20.884584	42.867335	1.044576	0.054207	0.000000
205kHz_060dA_100Mss_US_01.txt	208.248713	20.884584	51.008858	1.168272	0.066247	0.000000
205kHz_090dA_100Mss_US_00.txt	208.256675	31.217989	64.425265	1.176877	0.059135	0.000000
205kHz_090dA_100Mss_US_01.txt	208.199114	31.217989	62.345592	1.010321	0.051791	0.000000
205kHz_120dA_100Mss_US_00.txt	208.315766	41.551395	73.181271	0.896372	0.050666	0.000000
205kHz_120dA_100Mss_US_01.txt	208.294789	41.551395	74.991892	0.915210	0.048134	0.000000
205kHz_150dA_100Mss_US_00.txt	208.396198	51.884801	72.990188	0.675871	0.036088	0.000000
205kHz_150dA_100Mss_US_01.txt	208.445424	51.884801	76.272409	0.664884	0.036910	0.000000
234kHz_030dA_100Mss_US_00.txt	234.300193	10.551178	10.009831	0.555152	0.026639	0.000000
234kHz_030dA_100Mss_US_01.txt	234.289062	10.551178	7.712927	0.464163	0.020641	0.000000
234kHz_060dA_100Mss_US_00.txt	234.096819	20.884584	61.501927	1.553615	0.075250	0.000000
234kHz_060dA_100Mss_US_01.txt	234.069680	20.884584	57.741156	1.327180	0.067944	0.000000
234kHz_090dA_100Mss_US_00.txt	234.031134	31.217989	121.328165	1.614646	0.100248	0.000000
234kHz_090dA_100Mss_US_01.txt	233.986218	31.217989	98.253285	1.667082	0.082155	0.000000
234kHz_120dA_100Mss_US_00.txt	233.970845	41.551395	148.552641	1.248009	0.091816	0.000000
234kHz_120dA_100Mss_US_01.txt	233.954409	41.551395	106.200371	1.401126	0.067031	0.000000
234kHz_150dA_100Mss_US_00.txt	234.048014	51.884801	97.755643	0.933487	0.046375	0.000000
234kHz_150dA_100Mss_US_01.txt	234.090295	51.884801	79.128355	0.701988	0.036793	0.000000
260kHz_030dA_100Mss_US_00.txt	262.656270	10.551178	15.393205	0.704270	0.036526	0.000000
260kHz_030dA_100Mss_US_01.txt	262.635367	10.551178	17.741533	0.714245	0.041558	0.000000
260kHz_060dA_100Mss_US_00.txt	262.042524	20.884584	88.352851	1.685233	0.103033	0.000000
260kHz_060dA_100Mss_US_01.txt	262.022772	20.884584	105.499491	2.085824	0.130221	0.000000
260kHz_090dA_100Mss_US_00.txt	261.968286	31.217989	163.254636	1.936334	0.126323	0.000000
260kHz_090dA_100Mss_US_01.txt	261.931912	31.217989	127.124409	1.586488	0.091816	0.000000
260kHz_120dA_100Mss_US_00.txt	262.194577	41.551395	60.001374	0.615187	0.032672	0.000000
260kHz_120dA_100Mss_US_01.txt	262.122083	41.551395	62.646810	0.541647	0.033953	0.000000
260kHz_150dA_100Mss_US_00.txt	262.435392	51.884801	12.326911	0.084042	0.003884	0.000000
260kHz_150dA_100Mss_US_01.txt	262.472241	51.884801	107.938278	0.814969	0.040834	0.000000
300kHz_010dA_100Mss_US_00.txt	300.165621	3.662241	0.222517	0.028747	0.001425	0.000000
300kHz_010dA_100Mss_US_01.txt	300.162607	3.662241	0.267557	0.038185	0.001844	0.000000
300kHz_030dA_100Mss_US_00.txt	299.870899	10.551178	26.412606	0.966440	0.052660	0.000000
300kHz_030dA_100Mss_US_01.txt	299.841888	10.551178	17.196416	0.668900	0.032998	0.000000
300kHz_090dA_100Mss_US_00.txt	299.067407	31.217989	74.280585	0.782845	0.047443	0.000000
300kHz_090dA_100Mss_US_01.txt	299.090480	31.217989	79.738348	0.703504	0.046442	0.000000
300kHz_150dA_100Mss_US_00.txt	299.938033	51.884801	72.367092	0.410541	0.027102	0.000000
300kHz_150dA_100Mss_US_01.txt	299.749606	51.884801	101.111735	0.696495	0.039181	0.000000
