Tiempo_(s)	Campo_(A/m)	Magnetizacion_(A/m)
0.0000000000	-51855.588563	-943.289176
0.0000000100	-51852.680804	-943.255383
0.0000000200	-51827.259374	-943.042664
0.0000000300	-51778.334114	-942.588451
0.0000000400	-51711.989253	-941.846067
0.0000000500	-51633.278505	-940.817764
0.0000000600	-51540.788941	-939.568752
0.0000000700	-51435.036494	-938.211822
0.0000000800	-51316.464785	-936.865784
0.0000000900	-51180.164726	-935.604452
0.0000001000	-51018.989615	-934.419674
0.0000001100	-50817.334695	-933.217846
0.0000001200	-50587.368424	-931.855487
0.0000001300	-50348.079054	-930.201555
0.0000001400	-50089.844487	-928.200529
0.0000001500	-49813.571470	-925.907561
0.0000001600	-49524.582107	-923.477225
0.0000001700	-49217.091170	-921.106738
0.0000001800	-48882.486222	-918.954577
0.0000001900	-48538.330140	-917.067283
0.0000002000	-48186.821524	-915.345276
0.0000002100	-47808.983224	-913.563152
0.0000002200	-47420.129404	-911.437726
0.0000002300	-47021.148655	-908.717495
0.0000002400	-46597.580752	-905.258733
0.0000002500	-46167.978729	-901.059617
0.0000002600	-45729.116167	-896.241638
0.0000002700	-45265.512076	-890.989194
0.0000002800	-44791.532167	-885.474256
0.0000002900	-44310.055102	-879.796833
0.0000003000	-43797.710572	-873.962695
0.0000003100	-43258.488472	-867.902262
0.0000003200	-42709.695733	-861.516975
0.0000003300	-42141.535029	-854.729473
0.0000003400	-41557.718108	-847.515271
0.0000003500	-40967.754399	-839.904739
0.0000003600	-40361.918886	-831.959064
0.0000003700	-39739.530163	-823.735403
0.0000003800	-39110.777717	-815.259563
0.0000003900	-38474.703342	-806.518646
0.0000004000	-37819.261003	-797.474744
0.0000004100	-37137.272044	-788.090089
0.0000004200	-36438.461482	-778.349045
0.0000004300	-35734.576354	-768.265197
0.0000004400	-35025.452533	-757.870387
0.0000004500	-34299.270669	-747.192326
0.0000004600	-33558.298977	-736.233224
0.0000004700	-32810.953810	-724.961103
0.0000004800	-32046.622912	-713.318698
0.0000004900	-31268.121035	-701.245732
0.0000005000	-30486.421994	-688.703630
0.0000005100	-29698.400936	-675.690536
0.0000005200	-28894.353701	-662.239374
0.0000005300	-28067.379779	-648.399920
0.0000005400	-27221.676246	-634.213407
0.0000005500	-26365.587143	-619.691437
0.0000005600	-25505.166093	-604.808493
0.0000005700	-24642.631204	-589.510768
0.0000005800	-23773.258365	-573.736493
0.0000005900	-22896.717973	-557.438240
0.0000006000	-22009.121703	-540.597566
0.0000006100	-21112.284398	-523.226726
0.0000006200	-20208.547933	-505.358362
0.0000006300	-19294.631731	-487.029209
0.0000006400	-18378.312443	-468.265535
0.0000006500	-17456.084155	-449.076002
0.0000006600	-16524.666289	-429.453319
0.0000006700	-15589.679949	-409.381833
0.0000006800	-14652.311376	-388.846145
0.0000006900	-13710.806938	-367.836568
0.0000007000	-12767.322182	-346.349926
0.0000007100	-11821.578963	-324.387088
0.0000007200	-10872.710891	-301.950120
0.0000007300	-9915.582190	-279.041418
0.0000007400	-8946.799615	-255.665235
0.0000007500	-7975.355313	-231.830144
0.0000007600	-7004.426944	-207.550222
0.0000007700	-6025.959712	-182.843795
0.0000007800	-5040.778301	-157.730514
0.0000007900	-4056.442426	-132.229202
0.0000008000	-3075.107634	-106.359136
0.0000008100	-2095.949241	-80.145809
0.0000008200	-1115.800689	-53.629663
0.0000008300	-138.384827	-26.874096
0.0000008400	836.761471	0.031399
0.0000008500	1819.694171	26.975472
0.0000008600	2811.166993	53.835967
0.0000008700	3796.586192	80.494286
0.0000008800	4773.950595	106.848162
0.0000008900	5751.077211	132.818839
0.0000009000	6728.946447	158.351275
0.0000009100	7702.866147	183.409030
0.0000009200	8671.701528	207.967412
0.0000009300	9633.997959	232.008362
0.0000009400	10584.021666	255.518747
0.0000009500	11529.166889	278.491301
0.0000009600	12475.157649	300.925890
0.0000009700	13418.467176	322.828875
0.0000009800	14358.827080	344.209968
0.0000009900	15293.855126	365.078018
0.0000010000	16224.149310	385.438334
0.0000010100	17152.586947	405.293510
0.0000010200	18074.455026	424.647696
0.0000010300	18991.362558	443.511868
0.0000010400	19901.030226	461.906464
0.0000010500	20798.528087	479.858713
0.0000010600	21688.363315	497.394687
0.0000010700	22571.164513	514.529340
0.0000010800	23451.810164	531.259621
0.0000010900	24327.516121	547.564993
0.0000011000	25192.568114	563.416487
0.0000011100	26053.010017	578.791081
0.0000011200	26905.417977	593.685146
0.0000011300	27749.967223	608.120429
0.0000011400	28579.531909	622.139150
0.0000011500	29384.829293	635.789787
0.0000011600	30174.573377	649.109703
0.0000011700	30958.521129	662.112551
0.0000011800	31735.868719	674.786361
0.0000011900	32503.820899	687.103256
0.0000012000	33260.149809	699.036167
0.0000012100	34005.567465	710.574548
0.0000012200	34743.404551	721.731572
0.0000012300	35468.669917	732.539483
0.0000012400	36180.548629	743.035604
0.0000012500	36883.980383	753.246043
0.0000012600	37579.821817	763.175217
0.0000012700	38260.760754	772.806274
0.0000012800	38914.751157	782.112006
0.0000012900	39548.124795	791.070617
0.0000013000	40174.340633	799.678426
0.0000013100	40789.820445	807.953333
0.0000013200	41390.799674	815.927726
0.0000013300	41980.125030	823.634896
0.0000013400	42553.011191	831.096156
0.0000013500	43106.343059	838.315197
0.0000013600	43650.609119	845.282109
0.0000013700	44183.417386	851.984226
0.0000013800	44690.804065	858.417341
0.0000013900	45171.798500	864.590796
0.0000014000	45638.405022	870.523515
0.0000014100	46095.358841	876.233222
0.0000014200	46534.986225	881.725127
0.0000014300	46960.092173	886.986871
0.0000014400	47371.038245	891.993332
0.0000014500	47764.688485	896.719423
0.0000014600	48146.962996	901.154443
0.0000014700	48517.604487	905.310244
0.0000014800	48870.125463	909.218370
0.0000014900	49201.751530	912.917034
0.0000015000	49516.886944	916.434212
0.0000015100	49809.044213	919.775516
0.0000015200	50077.459865	922.923205
0.0000015300	50333.829480	925.847027
0.0000015400	50573.687590	928.521298
0.0000015500	50792.279480	930.939171
0.0000015600	50986.150695	933.116410
0.0000015700	51154.486303	935.082521
0.0000015800	51304.019989	936.864031
0.0000015900	51436.248091	938.469228
0.0000016000	51552.985453	939.883245
0.0000016100	51651.653760	941.076934
0.0000016200	51733.985789	942.025258
0.0000016300	51802.559856	942.725121
0.0000016400	51852.013498	943.201965
0.0000016500	51878.169143	943.499891
0.0000016600	51884.801100	943.658963
0.0000016700	51877.994946	943.691188
0.0000016800	51852.098971	943.568938
0.0000016900	51808.412087	943.234535
0.0000017000	51757.433880	942.629299
0.0000017100	51689.768939	941.729498
0.0000017200	51604.735856	940.571141
0.0000017300	51513.453067	939.248759
0.0000017400	51408.360858	937.884655
0.0000017500	51281.301517	936.579542
0.0000017600	51129.346271	935.366114
0.0000017700	50941.738241	934.188307
0.0000017800	50708.503526	932.919182
0.0000017900	50458.735103	931.413422
0.0000018000	50211.535243	929.573766
0.0000018100	49945.843559	927.402338
0.0000018200	49679.501072	925.012126
0.0000018300	49421.266188	922.589864
0.0000018400	49115.282372	920.322428
0.0000018500	48771.116220	918.315541
0.0000018600	48439.150480	916.538356
0.0000018700	48078.268337	914.817898
0.0000018800	47687.083424	912.887201
0.0000018900	47306.438457	910.468969
0.0000019000	46901.662406	907.362148
0.0000019100	46467.822633	903.498156
0.0000019200	46018.027645	898.946696
0.0000019300	45546.760604	893.872161
0.0000019400	45061.147356	888.461318
0.0000019500	44562.745452	882.852935
0.0000019600	44055.763068	877.096546
0.0000019700	43527.308631	871.152968
0.0000019800	42977.567121	864.930495
0.0000019900	42419.626193	858.336438
0.0000020000	41854.373089	851.319627
0.0000020100	41272.990891	843.886628
0.0000020200	40662.978838	836.088438
0.0000020300	40032.555855	827.988336
0.0000020400	39392.366151	819.628978
0.0000020500	38741.017652	811.014892
0.0000020600	38073.827956	802.117030
0.0000020700	37396.056609	792.894288
0.0000020800	36705.641228	783.318778
0.0000020900	35998.002328	773.390835
0.0000021000	35281.318474	763.136170
0.0000021100	34560.746295	752.587445
0.0000021200	33838.060275	741.760773
0.0000021300	33100.420300	730.640018
0.0000021400	32334.841633	719.177497
0.0000021500	31546.831358	707.311105
0.0000021600	30748.197726	694.989484
0.0000021700	29944.655005	682.192863
0.0000021800	29130.644650	668.939403
0.0000021900	28302.484169	655.274025
0.0000022000	27465.556880	641.245084
0.0000022100	26624.958200	626.879849
0.0000022200	25775.480042	612.169898
0.0000022300	24918.545085	597.072539
0.0000022400	24055.236652	581.526799
0.0000022500	23180.501033	565.476116
0.0000022600	22300.319538	548.887539
0.0000022700	21417.755810	531.759719
0.0000022800	20532.510851	514.117675
0.0000022900	19636.952633	495.998330
0.0000023000	18724.460141	477.434237
0.0000023100	17806.026695	458.442535
0.0000023200	16886.850630	439.022652
0.0000023300	15958.001009	419.161689
0.0000023400	15023.138121	398.843188
0.0000023500	14088.863477	378.054431
0.0000023600	13151.319358	356.789387
0.0000023700	12208.371070	335.047446
0.0000023800	11253.119453	312.830386
0.0000023900	10296.495267	290.140386
0.0000024000	9339.768163	266.980538
0.0000024100	8378.369758	243.357137
0.0000024200	7418.394032	219.281706
0.0000024300	6453.313135	194.770905
0.0000024400	5485.427237	169.844151
0.0000024500	4511.642090	144.520752
0.0000024600	3529.575461	118.819325
0.0000024700	2543.146281	92.761506
0.0000024800	1560.047787	66.379653
0.0000024900	581.188075	39.725733
0.0000025000	-400.579555	12.877178
0.0000025100	-1377.531261	-14.063797
0.0000025200	-2355.627501	-40.978359
0.0000025300	-3334.528919	-67.744459
0.0000025400	-4304.684381	-94.250947
0.0000025500	-5272.796966	-120.407708
0.0000025600	-6241.920563	-146.149072
0.0000025700	-7210.642245	-171.430803
0.0000025800	-8182.262093	-196.223563
0.0000025900	-9145.332066	-220.506640
0.0000026000	-10092.829235	-244.264616
0.0000026100	-11037.634071	-267.487300
0.0000026200	-11975.663518	-290.171172
0.0000026300	-12908.494629	-312.319830
0.0000026400	-13846.636744	-333.941942
0.0000026500	-14780.922488	-355.047247
0.0000026600	-15707.947515	-375.642834
0.0000026700	-16630.290139	-395.732204
0.0000026800	-17546.537434	-415.318109
0.0000026900	-18460.351036	-434.407785
0.0000027000	-19366.006927	-453.017249
0.0000027100	-20260.359400	-471.171287
0.0000027200	-21147.801612	-488.897733
0.0000027300	-22031.180271	-506.217870
0.0000027400	-22911.083620	-523.137464
0.0000027500	-23786.799647	-539.643463
0.0000027600	-24655.946117	-555.709228
0.0000027700	-25517.532871	-571.307079
0.0000027800	-26373.365000	-586.423057
0.0000027900	-27218.832412	-601.067050
0.0000028000	-28054.439938	-615.273078
0.0000028100	-28882.859059	-629.088861
0.0000028200	-29698.851081	-642.558962
0.0000028300	-30501.559367	-655.709014
0.0000028400	-31293.912689	-668.538394
0.0000028500	-32075.375609	-681.024793
0.0000028600	-32843.152877	-693.138550
0.0000028700	-33597.326559	-704.859896
0.0000028800	-34336.154123	-716.190838
0.0000028900	-35061.202871	-727.156068
0.0000029000	-35780.455288	-737.792632
0.0000029100	-36490.683603	-748.133673
0.0000029200	-37186.824353	-758.194348
0.0000029300	-37868.908142	-767.966878
0.0000029400	-38535.975416	-777.427021
0.0000029500	-39188.047030	-786.548518
0.0000029600	-39829.114224	-795.318189
0.0000029700	-40459.496849	-803.744194
0.0000029800	-41071.501669	-811.853639
0.0000029900	-41660.353116	-819.681218
0.0000030000	-42230.794803	-827.255064
0.0000030100	-42788.375522	-834.587129
0.0000030200	-43334.157744	-841.672759
0.0000030300	-43867.760406	-848.499027
0.0000030400	-44384.604024	-855.056667
0.0000030500	-44883.357733	-861.348669
0.0000030600	-45369.054393	-867.390545
0.0000030700	-45841.756564	-873.202126
0.0000030800	-46297.968081	-878.795576
0.0000030900	-46732.067844	-884.166716
0.0000031000	-47145.375613	-889.295138
0.0000031100	-47549.421493	-894.153859
0.0000031200	-47940.566048	-898.723943
0.0000031300	-48311.754394	-903.006405
0.0000031400	-48663.687444	-907.024744
0.0000031500	-48999.583215	-910.816137
0.0000031600	-49324.227027	-914.415308
0.0000031700	-49630.245494	-917.839146
0.0000031800	-49904.158797	-921.080054
0.0000031900	-50154.979938	-924.111654
0.0000032000	-50394.198663	-926.903977
0.0000032100	-50613.461179	-929.440194
0.0000032200	-50812.426781	-931.725940
0.0000032300	-50995.623498	-933.786131
0.0000032400	-51163.876011	-935.650901
0.0000032500	-51313.585243	-937.338409
0.0000032600	-51445.741352	-938.844263
0.0000032700	-51556.084703	-940.144048
0.0000032800	-51645.832143	-941.208293
0.0000032900	-51722.419617	-942.022003
0.0000033000	-51781.453968	-942.597576
0.0000033100	-51823.357964	-942.972688
0.0000033200	-51845.831436	-943.192514
